Seconds	CHNL0_Start	CHNL0_End	CHNL1_Start	CHNL1_End
0.150000	0	4582549	0	2904398
0.300000	0	4582825	0	2904013
0.450000	0	4583028	0	2904329
0.600000	0	4583130	0	2904403
0.750000	0	4583022	0	2904167
0.900000	0	4583141	0	2904349
1.050000	0	4583184	0	2904480
1.200000	0	4582989	0	2904178
1.350000	0	4583076	0	2903968
1.500000	0	4583111	0	2904075
1.650000	0	4582977	0	2904300
1.800000	0	4583076	0	2904631
1.950000	0	4583152	0	2904519
2.100000	0	4583213	0	2904384
2.250000	0	4583180	0	2904453
2.400000	0	4583236	0	2904513
2.550000	0	4583042	0	2904526
2.700000	0	4583240	0	2904526
2.850000	0	4583192	0	2904280
3.000000	0	4583192	0	2904655
3.150000	0	4583282	0	2904401
3.300000	0	4583201	0	2904309
3.450000	0	4583101	0	2904197
3.600000	0	4583315	0	2904697
3.750000	0	4583290	0	2904399
3.900000	0	4583319	0	2904540
4.050000	0	4583191	0	2904380
4.200000	0	4583230	0	2904468
4.350000	0	4583268	0	2904470
4.500000	0	4583175	0	2904200
4.650000	0	4582974	0	2904499
4.800000	0	4583294	0	2904740
4.950000	0	4583252	0	2904539
5.100000	0	4583374	0	2904335
5.250000	0	4583378	0	2904581
5.400000	0	4583269	0	2904452
5.550000	0	4583238	0	2904415
5.700000	0	4583318	0	2904554
5.850000	0	4583113	0	2904423
6.000000	0	4583214	0	2904603
6.150000	0	4583059	0	2904267
6.300000	0	4583253	0	2904323
6.450000	0	4583177	0	2904512
6.600000	0	4583173	0	2904379
6.750000	0	4583292	0	2904506
6.900000	0	4583204	0	2904472
7.050000	0	4583119	0	2904397
7.200000	0	4583158	0	2904221
7.350000	0	4583045	0	2904158
7.500000	0	4583285	0	2904438
7.650000	0	4583319	0	2904455
7.800000	0	4583115	0	2904239
7.950000	0	4583114	0	2904331
8.100000	0	4583283	0	2904209
8.250000	0	4583327	0	2904454
8.400000	0	4583367	0	2904522
8.550000	0	4583173	0	2904738
8.700000	0	4583307	0	2904435
8.850000	0	4583198	0	2904611
9.000000	0	4583156	0	2904380
9.150000	0	4583204	0	2904396
9.300000	0	4583349	0	2904205
9.450000	0	4583143	0	2904394
9.600000	0	4583041	0	2904432
9.750000	0	4583413	0	2904380
9.900000	0	4583280	0	2904397
10.050000	0	4583113	0	2904451
10.200000	0	4583306	0	2904240
10.350000	0	4583135	0	2904326
10.500000	0	4583101	0	2904228
10.650000	0	4583141	0	2904333
10.800000	0	4583330	0	2904310
10.950000	0	4583221	0	2904299
11.100000	0	4583192	0	2904503
11.250000	0	4583259	0	2904221
11.400000	0	4583202	0	2904619
11.550000	0	4583203	0	2904308
11.700000	0	4583360	0	2904437
11.850000	0	4583277	0	2904418
12.000000	0	4583165	0	2904223
12.150000	0	4583190	0	2904624
12.300000	0	4583198	0	2904160
12.450000	0	4583254	0	2904351
12.600000	0	4583202	0	2904254
12.750000	0	4583348	0	2904276
12.900000	0	4583070	0	2904476
13.050000	0	4583369	0	2904476
13.200000	0	4583241	0	2904173
13.350000	0	4583170	0	2904181
13.500000	0	4583108	0	2904313
13.650000	0	4583087	0	2904300
13.800000	0	4583250	0	2904271
13.950000	0	4583143	0	2904350
14.100000	0	4583331	0	2904367
14.250000	0	4583142	0	2904520
14.400000	0	4583267	0	2904661
14.550000	0	4583242	0	2904404
14.700000	0	4583255	0	2904427
14.850000	0	4583357	0	2904313
15.000000	0	4583292	0	2904480
15.150000	0	4583304	0	2904483
15.300000	0	4583202	0	2904657
15.450000	0	4583376	0	2904430
15.600000	0	4583263	0	2904314
15.750000	0	4583333	0	2904091
15.900000	0	4583239	0	2904235
16.050000	0	4583277	0	2904481
16.200000	0	4583186	0	2904406
16.350000	0	4583133	0	2904449
16.500000	0	4583035	0	2904209
16.650000	0	4583189	0	2904164
16.800000	0	4583213	0	2904255
16.950000	0	4583193	0	2904391
17.100000	0	4583083	0	2904173
17.250000	0	4583297	0	2904392
17.400000	0	4583047	0	2904468
17.550000	0	4583044	0	2904541
17.700000	0	4583262	0	2904333
17.850000	0	4583173	0	2904401
18.000000	0	4582990	0	2904251
18.150000	0	4583333	0	2904463
18.300000	0	4583241	0	2904440
18.450000	0	4583303	0	2904071
18.600000	0	4583101	0	2904298
18.750000	0	4583305	0	2904254
18.900000	0	4583029	0	2904413
19.050000	0	4583239	0	2904404
19.200000	0	4583152	0	2904326
19.350000	0	4583315	0	2904347
19.500000	0	4583102	0	2903884
19.650000	0	4583206	0	2904661
19.800000	0	4583316	0	2904317
19.950000	0	4583207	0	2904628
20.100000	0	4583214	0	2904426
20.250000	0	4583060	0	2904283
20.400000	0	4583074	0	2904340
20.550000	0	4583205	0	2904237
20.700000	0	4583142	0	2904046
20.850000	0	4582986	0	2904460
21.000000	0	4583317	0	2904543
21.150000	0	4583177	0	2904492
21.300000	0	4583251	0	2904170
21.450000	0	4583158	0	2904331
21.600000	0	4583008	0	2904527
21.750000	0	4583070	0	2904228
21.900000	0	4583155	0	2904441
22.050000	0	4583316	0	2904184
22.200000	0	4583144	0	2904199
22.350000	0	4583056	0	2904499
22.500000	0	4583169	0	2904305
22.650000	0	4583094	0	2904422
22.800000	0	4583334	0	2904317
22.950000	0	4583182	0	2904402
23.100000	0	4583325	0	2904318
23.250000	0	4583292	0	2904361
23.400000	0	4583141	0	2904008
23.550000	0	4583206	0	2904360
23.700000	0	4583049	0	2904355
23.850000	0	4583378	0	2904465
24.000000	0	4583143	0	2904277
24.150000	0	4583023	0	2904276
24.300000	0	4583062	0	2904658
24.450000	0	4583149	0	2904597
24.600000	0	4583286	0	2904741
24.750000	0	4583170	0	2904465
24.900000	0	4583158	0	2904393
25.050000	0	4583152	0	2904015
25.200000	0	4583237	0	2904276
25.350000	0	4583191	0	2904449
25.500000	0	4583296	0	2904118
25.650000	0	4583235	0	2904039
25.800000	0	4583365	0	2904256
25.950000	0	4583304	0	2904105
26.100000	0	4583406	0	2904359
26.250000	0	4583309	0	2904412
26.400000	0	4583193	0	2904224
26.550000	0	4583353	0	2904494
26.700000	0	4583086	0	2904403
26.850000	0	4583289	0	2904190
27.000000	0	4583246	0	2904056
27.150000	0	4583081	0	2904080
27.300000	0	4583212	0	2904237
27.450000	0	4583095	0	2904122
27.600000	0	4582976	0	2904334
27.750000	0	4583254	0	2904555
27.900000	0	4583239	0	2904228
28.050000	0	4583122	0	2904456
28.200000	0	4583206	0	2904393
28.350000	0	4583315	0	2904348
28.500000	0	4583019	0	2904353
28.650000	0	4583143	0	2904195
28.800000	0	4583164	0	2904486
28.950000	0	4583230	0	2904162
29.100000	0	4583223	0	2904284
29.250000	0	4583142	0	2904035
29.400000	0	4583205	0	2904421
29.550000	0	4582940	0	2904332
29.700000	0	4583172	0	2904155
29.850000	0	4583305	0	2904231
30.000000	0	4582926	0	2904219
30.150000	0	4583342	0	2904196
30.300000	0	4583142	0	2904397
30.450000	0	4583116	0	2904169
30.600000	0	4583205	0	2904097
30.750000	0	4582879	0	2904327
30.900000	0	4583169	0	2904195
31.050000	0	4583315	0	2904377
31.200000	0	4583280	0	2904393
31.350000	0	4583060	0	2904163
31.500000	0	4583047	0	2904454
31.650000	0	4583023	0	2904031
31.800000	0	4583171	0	2904305
31.950000	0	4583009	0	2904079
32.100000	0	4583052	0	2904207
32.250000	0	4583204	0	2904277
32.400000	0	4583197	0	2904398
32.550000	0	4583318	0	2904067
32.700000	0	4583031	0	2904144
32.850000	0	4583110	0	2903857
33.000000	0	4583226	0	2904232
33.150000	0	4583309	0	2904329
33.300000	0	4583334	0	2904406
33.450000	0	4583008	0	2904295
33.600000	0	4583213	0	2904200
33.750000	0	4583405	0	2904564
33.900000	0	4583064	0	2904514
34.050000	0	4583253	0	2904608
34.200000	0	4582977	0	2904179
34.350000	0	4583088	0	2904383
34.500000	0	4583076	0	2904393
34.650000	0	4583231	0	2904100
34.800000	0	4583297	0	2904103
34.950000	0	4583220	0	2904197
35.100000	0	4583460	0	2904225
35.250000	0	4583303	0	2904446
35.400000	0	4582959	0	2904097
35.550000	0	4583371	0	2904115
35.700000	0	4583385	0	2904246
35.850000	0	4583360	0	2904374
36.000000	0	4583206	0	2904176
36.150000	0	4583247	0	2904223
36.300000	0	4583072	0	2904201
36.450000	0	4583153	0	2904374
36.600000	0	4582979	0	2904354
36.750000	0	4583181	0	2904072
36.900000	0	4583219	0	2904025
37.050000	0	4583248	0	2904197
37.200000	0	4583043	0	2904203
37.350000	0	4583325	0	2904284
37.500000	0	4583090	0	2904174
37.650000	0	4583231	0	2904446
37.800000	0	4582975	0	2904344
37.950000	0	4583002	0	2904322
38.100000	0	4583285	0	2904437
38.250000	0	4583211	0	2904417
38.400000	0	4583279	0	2904433
38.550000	0	4583341	0	2904434
38.700000	0	4583396	0	2904439
38.850000	0	4583135	0	2904321
39.000000	0	4583347	0	2904401
39.150000	0	4583303	0	2904406
39.300000	0	4583243	0	2904370
39.450000	0	4583170	0	2904343
39.600000	0	4583269	0	2904321
39.750000	0	4583196	0	2904115
39.900000	0	4583308	0	2904334
40.050000	0	4583292	0	2904308
40.200000	0	4583482	0	2904179
40.350000	0	4583277	0	2904389
40.500000	0	4583257	0	2904176
40.650000	0	4583088	0	2904425
40.800000	0	4583260	0	2904017
40.950000	0	4583297	0	2904295
41.100000	0	4583359	0	2904237
41.250000	0	4583149	0	2904376
41.400000	0	4583011	0	2904176
41.550000	0	4583280	0	2904262
41.700000	0	4583225	0	2904345
41.850000	0	4583275	0	2904632
42.000000	0	4583140	0	2904461
42.150000	0	4583372	0	2904200
42.300000	0	4583204	0	2904330
42.450000	0	4583278	0	2904402
42.600000	0	4583197	0	2904331
42.750000	0	4583029	0	2904208
42.900000	0	4583189	0	2904123
43.050000	0	4583118	0	2904123
43.200000	0	4583198	0	2904459
43.350000	0	4583262	0	2904350
43.500000	0	4583284	0	2904367
43.650000	0	4583157	0	2904556
43.800000	0	4583113	0	2904292
43.950000	0	4583288	0	2904118
44.100000	0	4583317	0	2904424
44.250000	0	4583100	0	2904225
44.400000	0	4583187	0	2904346
44.550000	0	4583225	0	2904287
44.700000	0	4583354	0	2904311
44.850000	0	4583207	0	2904353
45.000000	0	4583405	0	2904368
45.150000	0	4583094	0	2904240
45.300000	0	4583361	0	2904282
45.450000	0	4583257	0	2904590
45.600000	0	4583203	0	2904263
45.750000	0	4583377	0	2904102
45.900000	0	4583184	0	2904480
46.050000	0	4583100	0	2904477
46.200000	0	4583090	0	2904549
46.350000	0	4583196	0	2904372
46.500000	0	4583094	0	2904498
46.650000	0	4583329	0	2904394
46.800000	0	4583054	0	2904191
46.950000	0	4583388	0	2904298
47.100000	0	4583335	0	2904217
47.250000	0	4583071	0	2904485
47.400000	0	4583218	0	2904385
47.550000	0	4583160	0	2904313
47.700000	0	4583278	0	2904317
47.850000	0	4583202	0	2904339
48.000000	0	4583210	0	2904242
48.150000	0	4583122	0	2904265
48.300000	0	4583127	0	2904451
48.450000	0	4583156	0	2904346
48.600000	0	4583169	0	2904238
48.750000	0	4583297	0	2904217
48.900000	0	4583249	0	2904211
49.050000	0	4583375	0	2904125
49.200000	0	4583103	0	2904320
49.350000	0	4583065	0	2904302
49.500000	0	4583148	0	2904220
49.650000	0	4583386	0	2904431
49.800000	0	4583449	0	2904574
49.950000	0	4583217	0	2904544
50.100000	0	4583141	0	2904214
50.250000	0	4583321	0	2904339
50.400000	0	4583426	0	2904243
50.550000	0	4583298	0	2904373
50.700000	0	4583302	0	2904354
50.850000	0	4583349	0	2904058
51.000000	0	4583416	0	2904117
51.150000	0	4583132	0	2904472
51.300000	0	4583264	0	2904403
51.450000	0	4583286	0	2904315
51.600000	0	4583268	0	2904105
51.750000	0	4583313	0	2904488
51.900000	0	4583436	0	2904198
52.050000	0	4583210	0	2904453
52.200000	0	4583309	0	2904365
52.350000	0	4583363	0	2904491
52.500000	0	4583241	0	2904331
52.650000	0	4583161	0	2904262
52.800000	0	4583347	0	2904290
52.950000	0	4583358	0	2904600
53.100000	0	4583306	0	2904293
53.250000	0	4583294	0	2904247
53.400000	0	4583245	0	2904367
53.550000	0	4583301	0	2904502
53.700000	0	4583164	0	2904449
53.850000	0	4583203	0	2904480
54.000000	0	4583447	0	2904222
54.150000	0	4583180	0	2904297
54.300000	0	4583095	0	2904131
54.450000	0	4583171	0	2904264
54.600000	0	4583357	0	2904324
54.750000	0	4583288	0	2904187
54.900000	0	4583269	0	2904284
55.050000	0	4583428	0	2904499
55.200000	0	4583100	0	2904263
55.350000	0	4583359	0	2904350
55.500000	0	4583034	0	2904405
55.650000	0	4583293	0	2904052
55.800000	0	4583238	0	2904164
55.950000	0	4583323	0	2904494
56.100000	0	4583340	0	2904474
56.250000	0	4583262	0	2904328
56.400000	0	4583130	0	2904405
56.550000	0	4583180	0	2904464
56.700000	0	4583182	0	2904051
56.850000	0	4583188	0	2904159
57.000000	0	4583038	0	2904337
57.150000	0	4583292	0	2904350
57.300000	0	4583406	0	2904197
57.450000	0	4583186	0	2904261
57.600000	0	4583129	0	2904399
57.750000	0	4583248	0	2903972
57.900000	0	4583187	0	2904366
58.050000	0	4583286	0	2904418
58.200000	0	4583309	0	2904100
58.350000	0	4583228	0	2904259
58.500000	0	4583108	0	2904375
58.650000	0	4583228	0	2904171
58.800000	0	4583213	0	2904616
58.950000	0	4583231	0	2904055
59.100000	0	4583193	0	2904104
59.250000	0	4583003	0	2904095
59.400000	0	4583331	0	2904052
59.550000	0	4583332	0	2904015
59.700000	0	4583263	0	2904017
59.850000	0	4583296	0	2904387
60.000000	0	4583218	0	2904625
60.150000	0	4583304	0	2904239
60.300000	0	4583343	0	2904295
60.450000	0	4583320	0	2904384
60.600000	0	4583345	0	2904499
60.750000	0	4583202	0	2904198
60.900000	0	4583283	0	2904351
61.050000	0	4583344	0	2904385
61.200000	0	4583218	0	2904161
61.350000	0	4583264	0	2904369
61.500000	0	4583217	0	2904084
61.650000	0	4583143	0	2904484
61.800000	0	4583196	0	2904354
61.950000	0	4583409	0	2904373
62.100000	0	4583276	0	2904428
62.250000	0	4583242	0	2904457
62.400000	0	4583261	0	2904261
62.550000	0	4583208	0	2904362
62.700000	0	4583319	0	2904049
62.850000	0	4583298	0	2904153
63.000000	0	4583357	0	2904345
63.150000	0	4583206	0	2904322
63.300000	0	4583185	0	2904639
63.450000	0	4583315	0	2904616
63.600000	0	4583168	0	2904648
63.750000	0	4583170	0	2904351
63.900000	0	4583238	0	2904486
64.050000	0	4583316	0	2904434
64.200000	0	4583267	0	2904546
64.350000	0	4583312	0	2904287
64.500000	0	4583233	0	2904307
64.650000	0	4583169	0	2904384
64.800000	0	4583102	0	2904345
64.950000	0	4582993	0	2904348
65.100000	0	4583279	0	2903969
65.250000	0	4583013	0	2904122
65.400000	0	4582956	0	2904375
65.550000	0	4583056	0	2904238
65.700000	0	4583221	0	2904217
65.850000	0	4583067	0	2904144
66.000000	0	4583217	0	2903931
66.150000	0	4583087	0	2903907
66.300000	0	4583094	0	2904164
66.450000	0	4583132	0	2904231
66.600000	0	4582953	0	2904165
66.750000	0	4583110	0	2904046
66.900000	0	4583250	0	2904294
67.050000	0	4583146	0	2904230
67.200000	0	4583038	0	2904156
67.350000	0	4583148	0	2904284
67.500000	0	4583089	0	2904257
67.650000	0	4583114	0	2904025
67.800000	0	4583074	0	2904065
67.950000	0	4583048	0	2904048
68.100000	0	4582980	0	2903974
68.250000	0	4582950	0	2904487
68.400000	0	4583092	0	2904015
68.550000	0	4583043	0	2903878
68.700000	0	4583178	0	2903999
68.850000	0	4583307	0	2903918
69.000000	0	4583117	0	2904160
69.150000	0	4583285	0	2904457
69.300000	0	4583009	0	2904265
69.450000	0	4583179	0	2904129
69.600000	0	4583025	0	2904160
69.750000	0	4583158	0	2904167
69.900000	0	4583249	0	2904239
70.050000	0	4583343	0	2904535
70.200000	0	4583078	0	2904558
70.350000	0	4583015	0	2904241
70.500000	0	4583191	0	2904257
70.650000	0	4583122	0	2904165
70.800000	0	4583005	0	2904294
70.950000	0	4583192	0	2904314
71.100000	0	4583106	0	2904412
71.250000	0	4583148	0	2904195
71.400000	0	4583237	0	2904428
71.550000	0	4583234	0	2904560
71.700000	0	4583096	0	2904233
71.850000	0	4583006	0	2904205
72.000000	0	4583218	0	2904161
72.150000	0	4583237	0	2904370
72.300000	0	4583116	0	2904326
72.450000	0	4583225	0	2904104
72.600000	0	4583049	0	2904140
72.750000	0	4583225	0	2904287
72.900000	0	4583132	0	2904144
73.050000	0	4583124	0	2904240
73.200000	0	4583237	0	2904336
73.350000	0	4583465	0	2904109
73.500000	0	4583248	0	2904217
73.650000	0	4583008	0	2904255
73.800000	0	4583386	0	2904300
73.950000	0	4583265	0	2904264
74.100000	0	4583029	0	2904326
74.250000	0	4583277	0	2903978
74.400000	0	4583393	0	2904214
74.550000	0	4583132	0	2904344
74.700000	0	4583197	0	2904166
74.850000	0	4583029	0	2904382
75.000000	0	4583261	0	2904248
75.150000	0	4583364	0	2904398
75.300000	0	4583186	0	2904225
75.450000	0	4583153	0	2904253
75.600000	0	4583364	0	2904270
75.750000	0	4583276	0	2904307
75.900000	0	4583145	0	2904249
76.050000	0	4583527	0	2904190
76.200000	0	4583186	0	2904092
76.350000	0	4583190	0	2904382
76.500000	0	4583398	0	2904288
76.650000	0	4582987	0	2904268
76.800000	0	4583195	0	2904181
76.950000	0	4583127	0	2904102
77.100000	0	4583048	0	2904187
77.250000	0	4583146	0	2904207
77.400000	0	4583187	0	2904114
77.550000	0	4583160	0	2904281
77.700000	0	4583196	0	2904241
77.850000	0	4583214	0	2904337
78.000000	0	4583170	0	2904108
78.150000	0	4583293	0	2904118
78.300000	0	4583171	0	2904090
78.450000	0	4583069	0	2904046
78.600000	0	4583173	0	2904153
78.750000	0	4583058	0	2904031
78.900000	0	4583282	0	2904230
79.050000	0	4583046	0	2904125
79.200000	0	4583284	0	2904206
79.350000	0	4583178	0	2904241
79.500000	0	4583317	0	2904315
79.650000	0	4583142	0	2904221
79.800000	0	4583076	0	2904142
79.950000	0	4583100	0	2904072
80.100000	0	4583153	0	2904441
80.250000	0	4583123	0	2904235
80.400000	0	4583017	0	2904315
80.550000	0	4583318	0	2904072
80.700000	0	4583231	0	2904253
80.850000	0	4583120	0	2904262
81.000000	0	4583079	0	2904393
81.150000	0	4583250	0	2904234
81.300000	0	4583144	0	2904474
81.450000	0	4583168	0	2904637
81.600000	0	4583225	0	2904339
81.750000	0	4583096	0	2904179
81.900000	0	4583112	0	2904132
82.050000	0	4583210	0	2904294
82.200000	0	4583221	0	2903913
82.350000	0	4583348	0	2904201
82.500000	0	4583088	0	2904140
82.650000	0	4583156	0	2904423
82.800000	0	4583026	0	2904174
82.950000	0	4583346	0	2904055
83.100000	0	4583277	0	2903878
83.250000	0	4583088	0	2904157
83.400000	0	4583288	0	2904181
83.550000	0	4583309	0	2904454
83.700000	0	4583260	0	2904484
83.850000	0	4582959	0	2904002
84.000000	0	4583114	0	2904172
84.150000	0	4583312	0	2904160
84.300000	0	4583155	0	2904488
84.450000	0	4583145	0	2904258
84.600000	0	4583147	0	2904259
84.750000	0	4583203	0	2904301
84.900000	0	4583277	0	2904315
85.050000	0	4583230	0	2904406
85.200000	0	4583148	0	2904106
85.350000	0	4583227	0	2904210
85.500000	0	4583256	0	2904049
85.650000	0	4583263	0	2904193
85.800000	0	4583309	0	2904221
85.950000	0	4583258	0	2904339
86.100000	0	4583080	0	2904361
86.250000	0	4583306	0	2904122
86.400000	0	4583446	0	2904284
86.550000	0	4582954	0	2904214
86.700000	0	4583116	0	2904117
86.850000	0	4583124	0	2904342
87.000000	0	4583268	0	2904110
87.150000	0	4582989	0	2904112
87.300000	0	4583355	0	2904138
87.450000	0	4583148	0	2904045
87.600000	0	4583377	0	2904340
87.750000	0	4583232	0	2904385
87.900000	0	4583186	0	2903974
88.050000	0	4583172	0	2904238
88.200000	0	4583299	0	2904277
88.350000	0	4583364	0	2904311
88.500000	0	4583219	0	2904198
88.650000	0	4583192	0	2904202
88.800000	0	4583162	0	2904316
88.950000	0	4583170	0	2904293
89.100000	0	4583361	0	2904359
89.250000	0	4583091	0	2904347
89.400000	0	4583397	0	2904153
89.550000	0	4583166	0	2904117
89.700000	0	4583044	0	2904162
89.850000	0	4583208	0	2904307
90.000000	0	4583199	0	2904311
90.150000	0	4583145	0	2904265
90.300000	0	4583201	0	2904298
90.450000	0	4583122	0	2904119
90.600000	0	4583180	0	2904209
90.750000	0	4583041	0	2904255
90.900000	0	4583241	0	2904169
91.050000	0	4583214	0	2904188
91.200000	0	4583220	0	2904216
91.350000	0	4583325	0	2904149
91.500000	0	4583228	0	2904186
91.650000	0	4583223	0	2904415
91.800000	0	4583307	0	2904364
91.950000	0	4583315	0	2904292
92.100000	0	4583432	0	2904166
92.250000	0	4583390	0	2904249
92.400000	0	4583189	0	2904283
92.550000	0	4583289	0	2904129
92.700000	0	4583241	0	2904336
92.850000	0	4583396	0	2904279
93.000000	0	4583277	0	2904405
93.150000	0	4583242	0	2904292
93.300000	0	4583284	0	2903971
93.450000	0	4583256	0	2904276
93.600000	0	4583248	0	2904123
93.750000	0	4583055	0	2904149
93.900000	0	4583216	0	2904157
94.050000	0	4583117	0	2903948
94.200000	0	4583225	0	2904389
94.350000	0	4583201	0	2903976
94.500000	0	4583214	0	2904201
94.650000	0	4583269	0	2904397
94.800000	0	4583219	0	2904045
94.950000	0	4583193	0	2904065
95.100000	0	4583215	0	2904105
95.250000	0	4583148	0	2904232
95.400000	0	4583206	0	2904136
95.550000	0	4583147	0	2904142
95.700000	0	4583426	0	2904195
95.850000	0	4583058	0	2904393
96.000000	0	4583219	0	2903976
96.150000	0	4583311	0	2904175
96.300000	0	4583377	0	2903950
96.450000	0	4583237	0	2904302
96.600000	0	4583269	0	2904243
96.750000	0	4583212	0	2904140
96.900000	0	4583087	0	2904222
97.050000	0	4583238	0	2904385
97.200000	0	4583267	0	2904245
97.350000	0	4583416	0	2904529
97.500000	0	4583402	0	2904023
97.650000	0	4583315	0	2904189
97.800000	0	4583185	0	2904258
97.950000	0	4583328	0	2904095
98.100000	0	4583215	0	2904317
98.250000	0	4583437	0	2904015
98.400000	0	4583279	0	2904156
98.550000	0	4583145	0	2904119
98.700000	0	4583236	0	2904475
98.850000	0	4583061	0	2904302
99.000000	0	4583321	0	2904339
99.150000	0	4583190	0	2903948
99.300000	0	4583319	0	2904134
99.450000	0	4583089	0	2904100
99.600000	0	4583368	0	2904163
99.750000	0	4583162	0	2904173
99.900000	0	4583467	0	2904266
100.050000	0	4583209	0	2904341
100.200000	0	4583196	0	2904196
100.350000	0	4583069	0	2904443
100.500000	0	4583454	0	2904005
100.650000	0	4583323	0	2904480
100.800000	0	4583361	0	2904304
100.950000	0	4583099	0	2904128
101.100000	0	4583348	0	2904221
101.250000	0	4583247	0	2904234
101.400000	0	4583122	0	2904327
101.550000	0	4583217	0	2904260
101.700000	0	4583175	0	2904150
101.850000	0	4583185	0	2903736
102.000000	0	4583286	0	2904249
102.150000	0	4583341	0	2904158
102.300000	0	4583214	0	2904332
102.450000	0	4583389	0	2904191
102.600000	0	4583453	0	2904171
102.750000	0	4583315	0	2904187
102.900000	0	4583344	0	2903976
103.050000	0	4583237	0	2903991
103.200000	0	4583011	0	2904176
103.350000	0	4582948	0	2904138
103.500000	0	4583099	0	2903670
103.650000	0	4582957	0	2904052
103.800000	0	4583011	0	2904120
103.950000	0	4582912	0	2904241
104.100000	0	4583127	0	2904014
104.250000	0	4583000	0	2904058
104.400000	0	4582946	0	2904105
104.550000	0	4582936	0	2903696
104.700000	0	4583068	0	2903953
104.850000	0	4583044	0	2904131
105.000000	0	4583005	0	2904182
105.150000	0	4583214	0	2904100
105.300000	0	4582963	0	2904002
105.450000	0	4583070	0	2904067
105.600000	0	4583058	0	2904012
105.750000	0	4583100	0	2903845
105.900000	0	4583000	0	2904066
106.050000	0	4583139	0	2904204
106.200000	0	4583235	0	2904242
106.350000	0	4583132	0	2904188
106.500000	0	4583171	0	2904301
106.650000	0	4583034	0	2903880
106.800000	0	4583022	0	2904071
106.950000	0	4583128	0	2904166
107.100000	0	4583160	0	2904084
107.250000	0	4582923	0	2904273
107.400000	0	4583038	0	2903969
107.550000	0	4583162	0	2903889
107.700000	0	4583179	0	2904113
107.850000	0	4583075	0	2904229
108.000000	0	4583208	0	2903890
108.150000	0	4583193	0	2903834
108.300000	0	4583161	0	2904137
108.450000	0	4583202	0	2904309
108.600000	0	4583021	0	2904010
108.750000	0	4583120	0	2904034
108.900000	0	4583151	0	2904064
109.050000	0	4583147	0	2904120
109.200000	0	4583140	0	2904111
109.350000	0	4582854	0	2904156
109.500000	0	4582909	0	2904004
109.650000	0	4583154	0	2904112
109.800000	0	4583070	0	2903912
109.950000	0	4583042	0	2904021
110.100000	0	4583104	0	2903850
110.250000	0	4582883	0	2904026
110.400000	0	4583125	0	2904259
110.550000	0	4583146	0	2903951
110.700000	0	4582952	0	2904060
110.850000	0	4583024	0	2903831
111.000000	0	4583039	0	2903907
111.150000	0	4583114	0	2903937
111.300000	0	4583155	0	2904056
111.450000	0	4583142	0	2904044
111.600000	0	4583054	0	2903858
111.750000	0	4583078	0	2904133
111.900000	0	4583022	0	2904205
112.050000	0	4583134	0	2903945
112.200000	0	4583140	0	2904172
112.350000	0	4583239	0	2904095
112.500000	0	4583132	0	2904009
112.650000	0	4583237	0	2904383
112.800000	0	4582984	0	2904003
112.950000	0	4583166	0	2904029
113.100000	0	4583261	0	2904071
113.250000	0	4583287	0	2904054
113.400000	0	4582992	0	2904096
113.550000	0	4583077	0	2903873
113.700000	0	4583151	0	2904205
113.850000	0	4583051	0	2904297
114.000000	0	4583174	0	2903935
114.150000	0	4583153	0	2904258
114.300000	0	4582976	0	2903547
114.450000	0	4583108	0	2904191
114.600000	0	4583223	0	2904275
114.750000	0	4583019	0	2904057
114.900000	0	4583152	0	2903852
115.050000	0	4583059	0	2904324
115.200000	0	4583049	0	2904091
115.350000	0	4583082	0	2904128
115.500000	0	4583174	0	2904084
115.650000	0	4582929	0	2903822
115.800000	0	4582964	0	2903875
115.950000	0	4583193	0	2903967
116.100000	0	4583173	0	2904375
116.250000	0	4582955	0	2904001
116.400000	0	4583096	0	2904213
116.550000	0	4583124	0	2903940
116.700000	0	4583114	0	2904183
116.850000	0	4582917	0	2904024
117.000000	0	4583174	0	2903917
117.150000	0	4583164	0	2904207
117.300000	0	4583044	0	2903979
117.450000	0	4583017	0	2904129
117.600000	0	4582909	0	2904054
117.750000	0	4583121	0	2903906
117.900000	0	4583142	0	2904041
118.050000	0	4583005	0	2903928
118.200000	0	4583154	0	2904270
118.350000	0	4583077	0	2904199
118.500000	0	4583040	0	2904065
118.650000	0	4583040	0	2904168
118.800000	0	4582951	0	2904007
118.950000	0	4583198	0	2904119
119.100000	0	4583127	0	2904076
119.250000	0	4583074	0	2904292
119.400000	0	4583247	0	2903694
119.550000	0	4583077	0	2904230
119.700000	0	4582987	0	2903858
119.850000	0	4582911	0	2904399
120.000000	0	4582980	0	2904122
120.150000	0	4582958	0	2904031
120.300000	0	4583022	0	2903878
120.450000	0	4583146	0	2903935
120.600000	0	4583012	0	2904247
120.750000	0	4583093	0	2904051
120.900000	0	4582967	0	2904193
121.050000	0	4583012	0	2904141
121.200000	0	4583151	0	2904012
121.350000	0	4583243	0	2904130
121.500000	0	4583015	0	2904163
121.650000	0	4583182	0	2904052
121.800000	0	4583031	0	2904066
121.950000	0	4583090	0	2904021
122.100000	0	4583066	0	2904165
122.250000	0	4583090	0	2903895
122.400000	0	4582965	0	2904157
122.550000	0	4583057	0	2903940
122.700000	0	4583121	0	2904356
122.850000	0	4583112	0	2903995
123.000000	0	4583036	0	2904146
123.150000	0	4583099	0	2904425
123.300000	0	4582996	0	2904242
123.450000	0	4582995	0	2904008
123.600000	0	4583117	0	2903777
123.750000	0	4582999	0	2904147
123.900000	0	4582986	0	2904249
124.050000	0	4583021	0	2903961
124.200000	0	4582965	0	2903950
124.350000	0	4583204	0	2903888
124.500000	0	4583026	0	2904035
124.650000	0	4582992	0	2904097
124.800000	0	4582911	0	2903925
124.950000	0	4583162	0	2904211
125.100000	0	4582978	0	2904169
125.250000	0	4583098	0	2904086
125.400000	0	4583113	0	2904012
125.550000	0	4583207	0	2903981
125.700000	0	4582981	0	2904013
125.850000	0	4583044	0	2903986
126.000000	0	4583010	0	2904163
126.150000	0	4583099	0	2904028
126.300000	0	4583041	0	2904174
126.450000	0	4583140	0	2904029
126.600000	0	4583070	0	2904182
126.750000	0	4583094	0	2903927
126.900000	0	4583054	0	2904349
127.050000	0	4583064	0	2904429
127.200000	0	4583123	0	2903983
127.350000	0	4582973	0	2904013
127.500000	0	4583051	0	2903949
127.650000	0	4583030	0	2903877
127.800000	0	4583041	0	2904187
127.950000	0	4583150	0	2904108
128.100000	0	4582982	0	2903972
128.250000	0	4583068	0	2904168
128.400000	0	4582994	0	2903905
128.550000	0	4583014	0	2904093
128.700000	0	4583216	0	2904005
128.850000	0	4582991	0	2903983
129.000000	0	4582774	0	2904124
129.150000	0	4583121	0	2904061
129.300000	0	4583041	0	2904040
129.450000	0	4582926	0	2904102
129.600000	0	4583049	0	2904296
129.750000	0	4583026	0	2904105
129.900000	0	4582943	0	2903783
130.050000	0	4583096	0	2904065
130.200000	0	4583035	0	2904216
130.350000	0	4583007	0	2904188
130.500000	0	4583078	0	2904244
130.650000	0	4583073	0	2904268
130.800000	0	4582974	0	2904115
130.950000	0	4583068	0	2904174
131.100000	0	4582917	0	2904270
131.250000	0	4583008	0	2904170
131.400000	0	4582761	0	2904030
131.550000	0	4583048	0	2904117
131.700000	0	4583117	0	2904158
131.850000	0	4582816	0	2904183
132.000000	0	4583127	0	2903879
132.150000	0	4583182	0	2904151
132.300000	0	4583174	0	2903976
132.450000	0	4582909	0	2904131
132.600000	0	4583132	0	2904054
132.750000	0	4583073	0	2903982
132.900000	0	4583002	0	2903868
133.050000	0	4583191	0	2904163
133.200000	0	4583050	0	2904118
133.350000	0	4583247	0	2904474
133.500000	0	4583082	0	2904179
133.650000	0	4583171	0	2904081
133.800000	0	4582966	0	2904061
133.950000	0	4582992	0	2904297
134.100000	0	4583172	0	2904394
134.250000	0	4583136	0	2904046
134.400000	0	4583085	0	2904300
134.550000	0	4583249	0	2904118
134.700000	0	4583110	0	2904382
134.850000	0	4583136	0	2904361
135.000000	0	4583088	0	2904102
135.150000	0	4583104	0	2904283
135.300000	0	4582968	0	2904226
135.450000	0	4583074	0	2904177
135.600000	0	4583121	0	2904175
135.750000	0	4583245	0	2904290
135.900000	0	4583240	0	2903976
136.050000	0	4582954	0	2904032
136.200000	0	4583030	0	2904016
136.350000	0	4583056	0	2904348
136.500000	0	4583140	0	2904264
136.650000	0	4583061	0	2903967
136.800000	0	4583058	0	2904014
136.950000	0	4583070	0	2903983
137.100000	0	4583143	0	2903865
137.250000	0	4583094	0	2904007
137.400000	0	4582848	0	2904152
137.550000	0	4583000	0	2904387
137.700000	0	4583116	0	2903957
137.850000	0	4583021	0	2904299
138.000000	0	4583033	0	2904314
138.150000	0	4583144	0	2904222
138.300000	0	4582994	0	2904425
138.450000	0	4583027	0	2904200
138.600000	0	4583132	0	2904155
138.750000	0	4583101	0	2903841
138.900000	0	4583145	0	2904150
139.050000	0	4583056	0	2904360
139.200000	0	4582924	0	2904025
139.350000	0	4583182	0	2903893
139.500000	0	4583141	0	2904109
139.650000	0	4582975	0	2904089
139.800000	0	4583216	0	2904165
139.950000	0	4583021	0	2903995
140.100000	0	4583025	0	2903876
140.250000	0	4583065	0	2904193
140.400000	0	4583128	0	2904150
140.550000	0	4583211	0	2904184
140.700000	0	4582902	0	2904233
140.850000	0	4583302	0	2903855
141.000000	0	4582927	0	2903968
141.150000	0	4582885	0	2904391
141.300000	0	4583094	0	2903870
141.450000	0	4583046	0	2903988
141.600000	0	4583025	0	2903903
141.750000	0	4583012	0	2903829
141.900000	0	4582905	0	2904142
142.050000	0	4583117	0	2904116
142.200000	0	4583113	0	2903907
142.350000	0	4583029	0	2903901
142.500000	0	4582998	0	2904055
142.650000	0	4582917	0	2903976
142.800000	0	4583084	0	2903929
142.950000	0	4583106	0	2904127
143.100000	0	4583051	0	2904163
143.250000	0	4583029	0	2904232
143.400000	0	4582999	0	2903876
143.550000	0	4583195	0	2903697
143.700000	0	4583063	0	2903889
143.850000	0	4582975	0	2903946
144.000000	0	4583024	0	2904156
144.150000	0	4582886	0	2904024
144.300000	0	4583144	0	2904240
144.450000	0	4582920	0	2903717
144.600000	0	4583140	0	2904175
144.750000	0	4583179	0	2903820
144.900000	0	4583173	0	2903894
145.050000	0	4583056	0	2904093
145.200000	0	4582942	0	2904080
145.350000	0	4583215	0	2904247
145.500000	0	4583197	0	2904185
145.650000	0	4583212	0	2904116
145.800000	0	4582911	0	2903906
145.950000	0	4583184	0	2904008
146.100000	0	4582998	0	2904040
146.250000	0	4583144	0	2904038
146.400000	0	4583139	0	2904093
146.550000	0	4583148	0	2904088
146.700000	0	4583135	0	2904102
146.850000	0	4583125	0	2904256
147.000000	0	4583240	0	2904068
147.150000	0	4583037	0	2903999
147.300000	0	4583000	0	2904260
147.450000	0	4583035	0	2903863
147.600000	0	4582992	0	2904030
147.750000	0	4583124	0	2903917
147.900000	0	4582950	0	2904161
148.050000	0	4583212	0	2904186
148.200000	0	4583286	0	2903941
148.350000	0	4583130	0	2904079
148.500000	0	4583139	0	2904067
148.650000	0	4583060	0	2903866
148.800000	0	4583147	0	2904162
148.950000	0	4583239	0	2904197
149.100000	0	4582770	0	2903904
149.250000	0	4582886	0	2904154
149.400000	0	4583205	0	2904075
149.550000	0	4582924	0	2904000
149.700000	0	4583010	0	2903950
149.850000	0	4583113	0	2904199
150.000000	0	4583052	0	2904034
150.150000	0	4583037	0	2904008
150.300000	0	4583214	0	2904236
150.450000	0	4583086	0	2903900
150.600000	0	4583203	0	2903941
150.750000	0	4583164	0	2904229
150.900000	0	4582972	0	2904147
151.050000	0	4583167	0	2903968
151.200000	0	4583107	0	2903908
151.350000	0	4582878	0	2904000
151.500000	0	4583156	0	2903939
151.650000	0	4582883	0	2904137
151.800000	0	4583108	0	2904152
151.950000	0	4583132	0	2903968
152.100000	0	4583084	0	2904348
152.250000	0	4583233	0	2903797
152.400000	0	4583237	0	2904068
152.550000	0	4583086	0	2904255
152.700000	0	4583149	0	2903916
152.850000	0	4583058	0	2903932
153.000000	0	4583320	0	2903901
153.150000	0	4583025	0	2903798
153.300000	0	4583020	0	2904063
153.450000	0	4582977	0	2904000
153.600000	0	4582966	0	2903766
153.750000	0	4583026	0	2903899
153.900000	0	4582996	0	2903869
154.050000	0	4582991	0	2903856
154.200000	0	4583033	0	2903962
154.350000	0	4583007	0	2903798
154.500000	0	4582881	0	2904036
154.650000	0	4582918	0	2904059
154.800000	0	4582904	0	2903910
154.950000	0	4582959	0	2903999
155.100000	0	4582876	0	2904008
155.250000	0	4582886	0	2903785
155.400000	0	4583057	0	2903984
155.550000	0	4583051	0	2903658
155.700000	0	4582972	0	2903972
155.850000	0	4582954	0	2904332
156.000000	0	4582892	0	2903774
156.150000	0	4582926	0	2903835
156.300000	0	4583091	0	2903959
156.450000	0	4582989	0	2904127
156.600000	0	4583008	0	2904238
156.750000	0	4582776	0	2903778
156.900000	0	4583027	0	2903891
157.050000	0	4582740	0	2903983
157.200000	0	4582957	0	2903929
157.350000	0	4582902	0	2903979
157.500000	0	4582878	0	2904058
157.650000	0	4582983	0	2904180
157.800000	0	4582981	0	2904010
157.950000	0	4582964	0	2903959
158.100000	0	4583035	0	2904041
158.250000	0	4582984	0	2903771
158.400000	0	4582925	0	2904210
158.550000	0	4582918	0	2904030
158.700000	0	4582935	0	2903761
158.850000	0	4583043	0	2903974
159.000000	0	4583057	0	2904124
159.150000	0	4583018	0	2903967
159.300000	0	4582885	0	2904043
159.450000	0	4582978	0	2903874
159.600000	0	4583068	0	2904138
159.750000	0	4582878	0	2904003
159.900000	0	4582983	0	2903727
160.050000	0	4583024	0	2903779
160.200000	0	4582944	0	2904147
160.350000	0	4583142	0	2903975
160.500000	0	4582982	0	2903729
160.650000	0	4582918	0	2904223
160.800000	0	4583076	0	2904166
160.950000	0	4583143	0	2904070
161.100000	0	4582951	0	2903775
161.250000	0	4583022	0	2903776
161.400000	0	4582944	0	2904064
161.550000	0	4583107	0	2904011
161.700000	0	4583140	0	2903991
161.850000	0	4582850	0	2904136
162.000000	0	4582938	0	2903882
162.150000	0	4582964	0	2904201
162.300000	0	4582915	0	2904121
162.450000	0	4583048	0	2903918
162.600000	0	4583094	0	2904112
162.750000	0	4583024	0	2903699
162.900000	0	4582987	0	2904374
163.050000	0	4583005	0	2904241
163.200000	0	4582933	0	2904008
163.350000	0	4582857	0	2904092
163.500000	0	4582947	0	2903874
163.650000	0	4583019	0	2904084
163.800000	0	4582991	0	2904298
163.950000	0	4583001	0	2903906
164.100000	0	4583075	0	2903877
164.250000	0	4582972	0	2903842
164.400000	0	4582941	0	2903699
164.550000	0	4583038	0	2904056
164.700000	0	4583185	0	2903730
164.850000	0	4582843	0	2903788
165.000000	0	4583078	0	2903707
165.150000	0	4582876	0	2904131
165.300000	0	4582851	0	2904188
165.450000	0	4582877	0	2903975
165.600000	0	4582970	0	2903894
165.750000	0	4583037	0	2903706
165.900000	0	4583062	0	2903710
166.050000	0	4583004	0	2903961
166.200000	0	4582985	0	2903854
166.350000	0	4582988	0	2903896
166.500000	0	4583026	0	2903997
166.650000	0	4582993	0	2904222
166.800000	0	4583023	0	2903912
166.950000	0	4582858	0	2903931
167.100000	0	4583159	0	2903898
167.250000	0	4583006	0	2903846
167.400000	0	4582996	0	2903797
167.550000	0	4583021	0	2903997
167.700000	0	4582898	0	2904078
167.850000	0	4582884	0	2904080
168.000000	0	4583045	0	2904143
168.150000	0	4583063	0	2903786
168.300000	0	4582788	0	2904109
168.450000	0	4582869	0	2904014
168.600000	0	4583025	0	2903879
168.750000	0	4582997	0	2903934
168.900000	0	4582846	0	2904125
169.050000	0	4583046	0	2903867
169.200000	0	4582956	0	2903831
169.350000	0	4582833	0	2903862
169.500000	0	4582951	0	2903880
169.650000	0	4583063	0	2904250
169.800000	0	4582970	0	2903966
169.950000	0	4583167	0	2903845
170.100000	0	4583107	0	2903963
170.250000	0	4583006	0	2903957
170.400000	0	4582992	0	2904182
170.550000	0	4583017	0	2903886
170.700000	0	4582877	0	2903576
170.850000	0	4583011	0	2904003
171.000000	0	4582850	0	2903730
171.150000	0	4583024	0	2904196
171.300000	0	4583011	0	2903908
171.450000	0	4583146	0	2903955
171.600000	0	4583048	0	2904240
171.750000	0	4582967	0	2903627
171.900000	0	4583009	0	2904164
172.050000	0	4583104	0	2903994
172.200000	0	4583135	0	2903859
172.350000	0	4582965	0	2904141
172.500000	0	4583127	0	2903934
172.650000	0	4583054	0	2904105
172.800000	0	4583083	0	2904013
172.950000	0	4583021	0	2903829
173.100000	0	4583141	0	2904235
173.250000	0	4583099	0	2903869
173.400000	0	4582987	0	2904115
173.550000	0	4583121	0	2903693
173.700000	0	4582987	0	2904247
173.850000	0	4582918	0	2903842
174.000000	0	4582951	0	2904011
174.150000	0	4583153	0	2904084
174.300000	0	4583063	0	2904061
174.450000	0	4583041	0	2904066
174.600000	0	4583223	0	2903952
174.750000	0	4583186	0	2904041
174.900000	0	4583035	0	2903900
175.050000	0	4583123	0	2904026
175.200000	0	4582982	0	2904071
175.350000	0	4583008	0	2903730
175.500000	0	4582864	0	2903831
175.650000	0	4582948	0	2904138
175.800000	0	4583151	0	2904132
175.950000	0	4583059	0	2904066
176.100000	0	4582981	0	2904243
176.250000	0	4583053	0	2903832
176.400000	0	4583219	0	2904058
176.550000	0	4583033	0	2903835
176.700000	0	4582977	0	2903961
176.850000	0	4582850	0	2903978
177.000000	0	4582961	0	2904008
177.150000	0	4582984	0	2903803
177.300000	0	4583032	0	2903765
177.450000	0	4583070	0	2904145
177.600000	0	4583023	0	2904074
177.750000	0	4582930	0	2904070
177.900000	0	4583104	0	2903838
178.050000	0	4583097	0	2903945
178.200000	0	4583142	0	2903859
178.350000	0	4582877	0	2903965
178.500000	0	4582933	0	2903791
178.650000	0	4583056	0	2903878
178.800000	0	4583089	0	2904067
178.950000	0	4583292	0	2904070
179.100000	0	4583062	0	2903948
179.250000	0	4583078	0	2904137
179.400000	0	4583185	0	2903839
179.550000	0	4583033	0	2903761
179.700000	0	4582953	0	2903981
179.850000	0	4583020	0	2904074
180.000000	0	4582955	0	2903940
180.150000	0	4582885	0	2904073
180.300000	0	4582893	0	2904063
180.450000	0	4583058	0	2903991
180.600000	0	4582982	0	2903911
180.750000	0	4583031	0	2903770
180.900000	0	4583094	0	2903770
181.050000	0	4582933	0	2903830
181.200000	0	4582914	0	2903943
181.350000	0	4582793	0	2904058
181.500000	0	4582937	0	2904000
181.650000	0	4583074	0	2904115
181.800000	0	4583030	0	2903758
181.950000	0	4582840	0	2903855
182.100000	0	4583025	0	2903802
182.250000	0	4582893	0	2903831
182.400000	0	4582817	0	2903926
182.550000	0	4582993	0	2903690
182.700000	0	4582956	0	2903927
182.850000	0	4583157	0	2903777
183.000000	0	4582833	0	2903783
183.150000	0	4582929	0	2903959
183.300000	0	4582995	0	2903696
183.450000	0	4582965	0	2903740
183.600000	0	4582834	0	2903854
183.750000	0	4582843	0	2903778
183.900000	0	4583187	0	2903827
184.050000	0	4582817	0	2903916
184.200000	0	4582798	0	2903749
184.350000	0	4582980	0	2903989
184.500000	0	4582886	0	2903847
184.650000	0	4582917	0	2903909
184.800000	0	4582956	0	2903781
184.950000	0	4582892	0	2903720
185.100000	0	4582870	0	2903836
185.250000	0	4582841	0	2903934
185.400000	0	4582938	0	2903659
185.550000	0	4582836	0	2903882
185.700000	0	4582856	0	2903618
185.850000	0	4582827	0	2903631
186.000000	0	4582883	0	2903817
186.150000	0	4583000	0	2904023
186.300000	0	4582881	0	2903597
186.450000	0	4582817	0	2903769
186.600000	0	4582907	0	2903788
186.750000	0	4582798	0	2903992
186.900000	0	4582845	0	2903744
187.050000	0	4582819	0	2903619
187.200000	0	4582891	0	2903938
187.350000	0	4583007	0	2903782
187.500000	0	4582672	0	2903903
187.650000	0	4582804	0	2903669
187.800000	0	4582729	0	2904018
187.950000	0	4582672	0	2903805
188.100000	0	4582798	0	2903866
188.250000	0	4582869	0	2903309
188.400000	0	4582906	0	2903754
188.550000	0	4582980	0	2903825
188.700000	0	4582696	0	2903898
188.850000	0	4582941	0	2903791
189.000000	0	4582717	0	2903834
189.150000	0	4582706	0	2903610
189.300000	0	4582707	0	2903852
189.450000	0	4582730	0	2903635
189.600000	0	4582917	0	2903752
189.750000	0	4582837	0	2903646
189.900000	0	4582936	0	2903813
190.050000	0	4582854	0	2903524
190.200000	0	4582821	0	2903737
190.350000	0	4582972	0	2904037
190.500000	0	4582840	0	2903845
190.650000	0	4582795	0	2903657
190.800000	0	4582758	0	2903848
190.950000	0	4582879	0	2903683
191.100000	0	4582943	0	2904035
191.250000	0	4582858	0	2903783
191.400000	0	4582733	0	2903731
191.550000	0	4582906	0	2903948
191.700000	0	4582662	0	2903577
191.850000	0	4582862	0	2904162
192.000000	0	4582786	0	2903915
192.150000	0	4582714	0	2904054
192.300000	0	4582685	0	2903920
192.450000	0	4582953	0	2903747
192.600000	0	4582806	0	2903778
192.750000	0	4582891	0	2903581
192.900000	0	4582929	0	2904052
193.050000	0	4583023	0	2903911
193.200000	0	4582885	0	2903570
193.350000	0	4582910	0	2903858
193.500000	0	4582853	0	2903725
193.650000	0	4582740	0	2903972
193.800000	0	4582974	0	2903864
193.950000	0	4582898	0	2903724
194.100000	0	4582843	0	2903822
194.250000	0	4582910	0	2904203
194.400000	0	4583065	0	2904086
194.550000	0	4582860	0	2903786
194.700000	0	4582927	0	2903990
194.850000	0	4582929	0	2903579
195.000000	0	4582670	0	2903877
195.150000	0	4583019	0	2904098
195.300000	0	4582871	0	2903992
195.450000	0	4582822	0	2903940
195.600000	0	4582962	0	2903800
195.750000	0	4582846	0	2903801
195.900000	0	4582786	0	2903753
196.050000	0	4583015	0	2903873
196.200000	0	4582760	0	2903781
196.350000	0	4582778	0	2904036
196.500000	0	4582754	0	2903696
196.650000	0	4582756	0	2903907
196.800000	0	4582923	0	2903733
196.950000	0	4582783	0	2903542
197.100000	0	4582827	0	2903626
197.250000	0	4582935	0	2903862
197.400000	0	4582919	0	2903636
197.550000	0	4582865	0	2903842
197.700000	0	4582973	0	2903771
197.850000	0	4582879	0	2903646
198.000000	0	4582892	0	2903703
198.150000	0	4583021	0	2903730
198.300000	0	4582811	0	2903940
198.450000	0	4582872	0	2903646
198.600000	0	4582964	0	2903846
198.750000	0	4582949	0	2903848
198.900000	0	4582954	0	2903818
199.050000	0	4583100	0	2903710
199.200000	0	4583056	0	2903955
199.350000	0	4583035	0	2903972
199.500000	0	4582980	0	2903713
199.650000	0	4582961	0	2903921
199.800000	0	4582871	0	2903903
199.950000	0	4583026	0	2904036
200.100000	0	4583008	0	2903904
200.250000	0	4583005	0	2903736
200.400000	0	4582964	0	2903768
200.550000	0	4582867	0	2903786
200.700000	0	4582959	0	2903782
200.850000	0	4582847	0	2903854
201.000000	0	4582885	0	2903421
201.150000	0	4582769	0	2903960
201.300000	0	4582837	0	2903921
201.450000	0	4582749	0	2903879
201.600000	0	4582845	0	2904169
201.750000	0	4582874	0	2903627
201.900000	0	4582947	0	2903724
202.050000	0	4582887	0	2903595
202.200000	0	4583002	0	2903581
202.350000	0	4582957	0	2903637
202.500000	0	4582712	0	2903831
202.650000	0	4582972	0	2903847
202.800000	0	4582879	0	2903745
202.950000	0	4582849	0	2903804
203.100000	0	4582902	0	2903713
203.250000	0	4582968	0	2903786
203.400000	0	4582774	0	2903823
203.550000	0	4583107	0	2903759
203.700000	0	4582829	0	2903740
203.850000	0	4582801	0	2903711
204.000000	0	4582897	0	2903853
204.150000	0	4582872	0	2903731
204.300000	0	4583039	0	2903958
204.450000	0	4583122	0	2903841
204.600000	0	4582884	0	2903927
204.750000	0	4583076	0	2903794
204.900000	0	4583062	0	2903601
205.050000	0	4582849	0	2903876
205.200000	0	4582988	0	2903856
205.350000	0	4582763	0	2903881
205.500000	0	4582856	0	2903928
205.650000	0	4583035	0	2903622
205.800000	0	4583019	0	2903588
205.950000	0	4582820	0	2903951
206.100000	0	4583078	0	2903787
206.250000	0	4582775	0	2903714
206.400000	0	4582957	0	2903705
206.550000	0	4583198	0	2903615
206.700000	0	4582798	0	2903899
206.850000	0	4582984	0	2903684
207.000000	0	4582816	0	2904039
207.150000	0	4582986	0	2903768
207.300000	0	4583023	0	2903730
207.450000	0	4582922	0	2903843
207.600000	0	4582827	0	2903745
207.750000	0	4582891	0	2903949
207.900000	0	4583048	0	2903930
208.050000	0	4582894	0	2903802
208.200000	0	4582849	0	2903723
208.350000	0	4583028	0	2903575
208.500000	0	4582826	0	2903822
208.650000	0	4582875	0	2903501
208.800000	0	4582871	0	2903737
208.950000	0	4582996	0	2903450
209.100000	0	4582994	0	2903840
209.250000	0	4582952	0	2904024
209.400000	0	4583051	0	2903479
209.550000	0	4582799	0	2903823
209.700000	0	4582827	0	2903779
209.850000	0	4582904	0	2903928
210.000000	0	4582953	0	2903931
210.150000	0	4582970	0	2903853
210.300000	0	4582943	0	2903920
210.450000	0	4583112	0	2903947
210.600000	0	4582764	0	2903760
210.750000	0	4582813	0	2903630
210.900000	0	4583093	0	2903498
211.050000	0	4582758	0	2903778
211.200000	0	4583206	0	2903382
211.350000	0	4583001	0	2903782
211.500000	0	4582966	0	2903840
211.650000	0	4583031	0	2904143
211.800000	0	4582839	0	2903768
211.950000	0	4583035	0	2903814
212.100000	0	4582851	0	2903971
212.250000	0	4583009	0	2903839
212.400000	0	4582882	0	2903975
212.550000	0	4582903	0	2903641
212.700000	0	4583005	0	2903993
212.850000	0	4583009	0	2903609
213.000000	0	4582869	0	2903794
213.150000	0	4583059	0	2903734
213.300000	0	4582986	0	2903841
213.450000	0	4583030	0	2903900
213.600000	0	4582868	0	2903810
213.750000	0	4583047	0	2903789
213.900000	0	4582947	0	2903785
214.050000	0	4582866	0	2903730
214.200000	0	4582756	0	2903925
214.350000	0	4582947	0	2903802
214.500000	0	4582967	0	2903764
214.650000	0	4582881	0	2903423
214.800000	0	4582837	0	2903917
214.950000	0	4582949	0	2903656
215.100000	0	4582810	0	2903841
215.250000	0	4582946	0	2903781
215.400000	0	4582895	0	2903776
215.550000	0	4582939	0	2903645
215.700000	0	4582933	0	2903866
215.850000	0	4582911	0	2903716
216.000000	0	4583000	0	2903515
216.150000	0	4582962	0	2903741
216.300000	0	4583208	0	2903680
216.450000	0	4582919	0	2903974
216.600000	0	4582884	0	2904077
216.750000	0	4582778	0	2903764
216.900000	0	4582965	0	2903834
217.050000	0	4582899	0	2903689
217.200000	0	4582929	0	2903871
217.350000	0	4583085	0	2903694
217.500000	0	4582836	0	2903847
217.650000	0	4582918	0	2903721
217.800000	0	4582860	0	2903935
217.950000	0	4583191	0	2903849
218.100000	0	4582931	0	2903721
218.250000	0	4582843	0	2903926
218.400000	0	4582730	0	2903854
218.550000	0	4582870	0	2903745
218.700000	0	4583070	0	2903948
218.850000	0	4582950	0	2903550
219.000000	0	4583095	0	2903928
219.150000	0	4583086	0	2903897
219.300000	0	4582978	0	2903929
219.450000	0	4582994	0	2904018
219.600000	0	4583069	0	2903618
219.750000	0	4583028	0	2903909
219.900000	0	4582970	0	2903957
220.050000	0	4583007	0	2903797
220.200000	0	4583112	0	2903750
220.350000	0	4583114	0	2903574
220.500000	0	4582933	0	2904027
220.650000	0	4583147	0	2903840
220.800000	0	4582749	0	2904023
220.950000	0	4583030	0	2903900
221.100000	0	4582933	0	2903902
221.250000	0	4582936	0	2903951
221.400000	0	4583025	0	2903913
221.550000	0	4582845	0	2903687
221.700000	0	4583083	0	2903769
221.850000	0	4583052	0	2904199
222.000000	0	4582860	0	2903796
222.150000	0	4582941	0	2903806
222.300000	0	4582984	0	2903613
222.450000	0	4583035	0	2903906
222.600000	0	4583083	0	2903690
222.750000	0	4583088	0	2903947
222.900000	0	4582972	0	2903635
223.050000	0	4582860	0	2903642
223.200000	0	4582809	0	2903863
223.350000	0	4582934	0	2903813
223.500000	0	4582872	0	2904020
223.650000	0	4583014	0	2903696
223.800000	0	4582765	0	2903738
223.950000	0	4582871	0	2903965
224.100000	0	4583045	0	2904093
224.250000	0	4582993	0	2903767
224.400000	0	4583017	0	2903931
224.550000	0	4583085	0	2903561
224.700000	0	4583198	0	2903846
224.850000	0	4582941	0	2903554
225.000000	0	4582967	0	2903748
225.150000	0	4582874	0	2904000
225.300000	0	4583038	0	2903813
225.450000	0	4582889	0	2903821
225.600000	0	4583079	0	2903620
225.750000	0	4583024	0	2903760
225.900000	0	4583057	0	2903889
226.050000	0	4583191	0	2903885
226.200000	0	4583173	0	2903710
226.350000	0	4582999	0	2903843
226.500000	0	4583204	0	2903911
226.650000	0	4582936	0	2903750
226.800000	0	4583040	0	2904002
226.950000	0	4583091	0	2904027
227.100000	0	4583051	0	2903957
227.250000	0	4583065	0	2903819
227.400000	0	4582930	0	2904088
227.550000	0	4583059	0	2903969
227.700000	0	4582985	0	2903795
227.850000	0	4583267	0	2903875
228.000000	0	4583197	0	2903986
228.150000	0	4582997	0	2903823
228.300000	0	4582954	0	2903431
228.450000	0	4583204	0	2903757
228.600000	0	4582994	0	2903909
228.750000	0	4583242	0	2904114
228.900000	0	4582807	0	2903824
229.050000	0	4583208	0	2903750
229.200000	0	4583158	0	2903915
229.350000	0	4583010	0	2903850
229.500000	0	4583190	0	2904084
229.650000	0	4583283	0	2903779
229.800000	0	4582941	0	2903965
229.950000	0	4583065	0	2903819
230.100000	0	4583075	0	2903910
230.250000	0	4583004	0	2903829
230.400000	0	4583088	0	2903727
230.550000	0	4582960	0	2904110
230.700000	0	4583193	0	2903735
230.850000	0	4583122	0	2903834
231.000000	0	4583108	0	2903575
231.150000	0	4583261	0	2903803
231.300000	0	4582980	0	2903832
231.450000	0	4582964	0	2903668
231.600000	0	4583092	0	2903931
231.750000	0	4583188	0	2903854
231.900000	0	4583199	0	2903710
232.050000	0	4583102	0	2903716
232.200000	0	4583206	0	2903688
232.350000	0	4582898	0	2903867
232.500000	0	4582969	0	2903633
232.650000	0	4583145	0	2903911
232.800000	0	4583017	0	2904027
232.950000	0	4583134	0	2903831
233.100000	0	4583068	0	2903726
233.250000	0	4583159	0	2903780
233.400000	0	4583058	0	2904017
233.550000	0	4583097	0	2904120
233.700000	0	4583161	0	2903527
233.850000	0	4583094	0	2903804
234.000000	0	4583213	0	2903603
234.150000	0	4583010	0	2903877
234.300000	0	4582973	0	2904050
234.450000	0	4582928	0	2903805
234.600000	0	4583047	0	2903911
234.750000	0	4583091	0	2903603
234.900000	0	4582998	0	2903610
235.050000	0	4582970	0	2903728
235.200000	0	4583198	0	2903751
235.350000	0	4582946	0	2903747
235.500000	0	4582895	0	2904021
235.650000	0	4582996	0	2903851
235.800000	0	4582968	0	2903914
235.950000	0	4583019	0	2903504
236.100000	0	4582836	0	2903953
236.250000	0	4583143	0	2903816
236.400000	0	4582832	0	2903858
236.550000	0	4582996	0	2903908
236.700000	0	4583061	0	2903819
236.850000	0	4583138	0	2903584
237.000000	0	4583119	0	2904001
237.150000	0	4583018	0	2904039
237.300000	0	4583142	0	2903916
237.450000	0	4583131	0	2903808
237.600000	0	4583311	0	2903943
237.750000	0	4582985	0	2903727
237.900000	0	4583144	0	2903935
238.050000	0	4583011	0	2903877
238.200000	0	4583053	0	2903897
238.350000	0	4583080	0	2903818
238.500000	0	4583093	0	2903780
238.650000	0	4583187	0	2903800
238.800000	0	4583135	0	2903612
238.950000	0	4583033	0	2903720
239.100000	0	4582984	0	2903634
239.250000	0	4583014	0	2903861
239.400000	0	4582908	0	2903667
239.550000	0	4582998	0	2903569
239.700000	0	4583053	0	2903855
239.850000	0	4582929	0	2903898
240.000000	0	4583077	0	2903971
240.150000	0	4583142	0	2903834
240.300000	0	4583159	0	2903672
240.450000	0	4583038	0	2903811
240.600000	0	4583025	0	2903940
240.750000	0	4582980	0	2903890
240.900000	0	4583144	0	2903884
241.050000	0	4582856	0	2904015
241.200000	0	4583163	0	2904005
241.350000	0	4583225	0	2904001
241.500000	0	4583108	0	2904047
241.650000	0	4583312	0	2903676
241.800000	0	4583313	0	2903844
241.950000	0	4583027	0	2903823
242.100000	0	4583063	0	2903731
242.250000	0	4583060	0	2903749
242.400000	0	4583066	0	2903774
242.550000	0	4583111	0	2903833
242.700000	0	4583183	0	2903873
242.850000	0	4583031	0	2904099
243.000000	0	4582995	0	2903937
243.150000	0	4583156	0	2903748
243.300000	0	4582937	0	2903777
243.450000	0	4583302	0	2904150
243.600000	0	4583221	0	2903979
243.750000	0	4583141	0	2903609
243.900000	0	4583105	0	2903649
244.050000	0	4583206	0	2903920
244.200000	0	4583336	0	2903700
244.350000	0	4582913	0	2903963
244.500000	0	4582962	0	2903707
244.650000	0	4583048	0	2903610
244.800000	0	4582958	0	2903915
244.950000	0	4583032	0	2903958
245.100000	0	4583016	0	2903719
245.250000	0	4583092	0	2903872
245.400000	0	4583249	0	2903986
245.550000	0	4583137	0	2904071
245.700000	0	4583124	0	2903769
245.850000	0	4583210	0	2903756
246.000000	0	4583235	0	2903944
246.150000	0	4583113	0	2904030
246.300000	0	4583260	0	2904259
246.450000	0	4583131	0	2903814
246.600000	0	4583250	0	2903973
246.750000	0	4583125	0	2903903
246.900000	0	4583188	0	2904135
247.050000	0	4583268	0	2903920
247.200000	0	4583159	0	2903806
247.350000	0	4583371	0	2903829
247.500000	0	4583235	0	2904063
247.650000	0	4583179	0	2903735
247.800000	0	4583424	0	2903871
247.950000	0	4583351	0	2903817
248.100000	0	4583294	0	2904082
248.250000	0	4582959	0	2903972
248.400000	0	4583309	0	2904090
248.550000	0	4583194	0	2903868
248.700000	0	4583177	0	2904165
248.850000	0	4583269	0	2903804
249.000000	0	4583437	0	2904292
249.150000	0	4583186	0	2903799
249.300000	0	4583156	0	2903952
249.450000	0	4583350	0	2903872
249.600000	0	4583297	0	2903800
249.750000	0	4583353	0	2903983
249.900000	0	4583308	0	2903699
250.050000	0	4583408	0	2904016
250.200000	0	4583251	0	2903993
250.350000	0	4583231	0	2903918
250.500000	0	4583175	0	2903894
250.650000	0	4583213	0	2903974
250.800000	0	4583307	0	2903842
250.950000	0	4583296	0	2904105
251.100000	0	4583346	0	2903908
251.250000	0	4583323	0	2903765
251.400000	0	4583168	0	2903997
251.550000	0	4583221	0	2904082
251.700000	0	4583344	0	2903852
251.850000	0	4583376	0	2903860
252.000000	0	4583380	0	2903808
252.150000	0	4583368	0	2903937
252.300000	0	4583507	0	2904019
252.450000	0	4583391	0	2904255
252.600000	0	4583395	0	2903921
252.750000	0	4583284	0	2903870
252.900000	0	4583211	0	2903826
253.050000	0	4583236	0	2904005
253.200000	0	4583194	0	2903759
253.350000	0	4583122	0	2903972
253.500000	0	4583310	0	2903914
253.650000	0	4583137	0	2903930
253.800000	0	4583151	0	2904030
253.950000	0	4583361	0	2903906
254.100000	0	4583348	0	2903867
254.250000	0	4583144	0	2904110
254.400000	0	4583306	0	2903668
254.550000	0	4583552	0	2903948
254.700000	0	4583228	0	2903942
254.850000	0	4583328	0	2904083
255.000000	0	4583268	0	2903823
255.150000	0	4583324	0	2903805
255.300000	0	4583314	0	2903871
255.450000	0	4583269	0	2903908
255.600000	0	4583222	0	2903872
255.750000	0	4583366	0	2904062
255.900000	0	4583227	0	2903959
256.050000	0	4583273	0	2903979
256.200000	0	4583266	0	2903817
256.350000	0	4583373	0	2903762
256.500000	0	4583285	0	2904080
256.650000	0	4583319	0	2903914
256.800000	0	4583180	0	2903902
256.950000	0	4583339	0	2903860
257.100000	0	4583416	0	2903750
257.250000	0	4583322	0	2903978
257.400000	0	4583386	0	2903838
257.550000	0	4583394	0	2903976
257.700000	0	4583247	0	2903997
257.850000	0	4583274	0	2904036
258.000000	0	4583306	0	2904188
258.150000	0	4583423	0	2904253
258.300000	0	4583558	0	2903841
258.450000	0	4583405	0	2903901
258.600000	0	4583515	0	2904233
258.750000	0	4583235	0	2904069
258.900000	0	4583258	0	2903905
259.050000	0	4583366	0	2903943
259.200000	0	4583475	0	2903948
259.350000	0	4583502	0	2903688
259.500000	0	4583300	0	2903915
259.650000	0	4583427	0	2904117
259.800000	0	4583296	0	2903788
259.950000	0	4583055	0	2903762
260.100000	0	4583433	0	2903945
260.250000	0	4583313	0	2903729
260.400000	0	4583168	0	2904138
260.550000	0	4583143	0	2903958
260.700000	0	4583290	0	2903944
260.850000	0	4583330	0	2903807
261.000000	0	4583415	0	2903818
261.150000	0	4583313	0	2903830
261.300000	0	4583390	0	2903901
261.450000	0	4583359	0	2904027
261.600000	0	4583273	0	2903699
261.750000	0	4583488	0	2903920
261.900000	0	4583390	0	2904143
262.050000	0	4583325	0	2903783
262.200000	0	4583416	0	2904110
262.350000	0	4583315	0	2904119
262.500000	0	4583379	0	2903984
262.650000	0	4583384	0	2903725
262.800000	0	4583311	0	2904013
262.950000	0	4583323	0	2903856
263.100000	0	4583367	0	2903973
263.250000	0	4583253	0	2904005
263.400000	0	4583384	0	2903750
263.550000	0	4583417	0	2903694
263.700000	0	4583356	0	2903994
263.850000	0	4583342	0	2903787
264.000000	0	4583260	0	2903907
264.150000	0	4583399	0	2903998
264.300000	0	4583420	0	2904047
264.450000	0	4583466	0	2904016
264.600000	0	4583329	0	2903828
264.750000	0	4583296	0	2904080
264.900000	0	4583346	0	2903840
265.050000	0	4583372	0	2904213
265.200000	0	4583361	0	2903891
265.350000	0	4583289	0	2904107
265.500000	0	4583509	0	2904010
265.650000	0	4583486	0	2903979
265.800000	0	4583694	0	2903947
265.950000	0	4583412	0	2904029
266.100000	0	4583455	0	2903933
266.250000	0	4583361	0	2904311
266.400000	0	4583312	0	2903968
266.550000	0	4583498	0	2904057
266.700000	0	4583337	0	2903873
266.850000	0	4583401	0	2904049
267.000000	0	4583405	0	2904076
267.150000	0	4583469	0	2903855
267.300000	0	4583216	0	2903783
267.450000	0	4583627	0	2903913
267.600000	0	4583465	0	2904024
267.750000	0	4583342	0	2904076
267.900000	0	4583418	0	2903642
268.050000	0	4583165	0	2903758
268.200000	0	4583397	0	2903820
268.350000	0	4583370	0	2904006
268.500000	0	4583291	0	2903849
268.650000	0	4583404	0	2904049
268.800000	0	4583360	0	2903922
268.950000	0	4583336	0	2904054
269.100000	0	4583508	0	2903809
269.250000	0	4583290	0	2904076
269.400000	0	4583457	0	2904040
269.550000	0	4583400	0	2903979
269.700000	0	4583426	0	2903805
269.850000	0	4583387	0	2903729
270.000000	0	4583380	0	2903893
