Seconds	CHNL0_Start	CHNL0_End	CHNL1_Start	CHNL1_End
0.150000	0	4593593	0	2899888
0.300000	0	4601540	0	2904308
0.450000	0	4601750	0	2904737
0.600000	0	4601941	0	2904601
0.750000	0	4602063	0	2904599
0.900000	0	4602117	0	2904754
1.050000	0	4602114	0	2904591
1.200000	0	4602018	0	2904677
1.350000	0	4602043	0	2904598
1.500000	0	4601983	0	2904616
1.650000	0	4602107	0	2904539
1.800000	0	4602008	0	2904745
1.950000	0	4602055	0	2904643
2.100000	0	4602268	0	2904495
2.250000	0	4602130	0	2904641
2.400000	0	4602285	0	2904534
2.550000	0	4602020	0	2904710
2.700000	0	4602120	0	2904449
2.850000	0	4602100	0	2904712
3.000000	0	4602194	0	2904637
3.150000	0	4602026	0	2904800
3.300000	0	4602064	0	2904717
3.450000	0	4602017	0	2904340
3.600000	0	4602186	0	2904203
3.750000	0	4602107	0	2904491
3.900000	0	4602161	0	2904897
4.050000	0	4602078	0	2904690
4.200000	0	4602205	0	2904710
4.350000	0	4602065	0	2904616
4.500000	0	4601951	0	2904564
4.650000	0	4602009	0	2904636
4.800000	0	4601961	0	2904417
4.950000	0	4602074	0	2904390
5.100000	0	4602092	0	2904900
5.250000	0	4602193	0	2904632
5.400000	0	4602060	0	2904712
5.550000	0	4602184	0	2904544
5.700000	0	4602032	0	2904556
5.850000	0	4602000	0	2904534
6.000000	0	4602271	0	2904617
6.150000	0	4602025	0	2904778
6.300000	0	4602219	0	2904717
6.450000	0	4602199	0	2904771
6.600000	0	4602026	0	2904654
6.750000	0	4602125	0	2904532
6.900000	0	4602109	0	2904547
7.050000	0	4602046	0	2904642
7.200000	0	4602265	0	2904969
7.350000	0	4602113	0	2904702
7.500000	0	4602134	0	2904389
7.650000	0	4602081	0	2904798
7.800000	0	4602069	0	2904696
7.950000	0	4602089	0	2904677
8.100000	0	4601996	0	2904410
8.250000	0	4602183	0	2904790
8.400000	0	4602153	0	2904754
8.550000	0	4602008	0	2904550
8.700000	0	4602135	0	2904475
8.850000	0	4602066	0	2904494
9.000000	0	4602093	0	2904445
9.150000	0	4602189	0	2904584
9.300000	0	4602174	0	2904673
9.450000	0	4602197	0	2904681
9.600000	0	4602078	0	2904556
9.750000	0	4601874	0	2904484
9.900000	0	4602176	0	2904620
10.050000	0	4602199	0	2904573
10.200000	0	4602022	0	2904507
10.350000	0	4602006	0	2904553
10.500000	0	4602171	0	2904848
10.650000	0	4602123	0	2904768
10.800000	0	4601918	0	2904715
10.950000	0	4602212	0	2904685
11.100000	0	4602030	0	2904542
11.250000	0	4602191	0	2904582
11.400000	0	4602154	0	2904917
11.550000	0	4602187	0	2904756
11.700000	0	4602176	0	2904532
11.850000	0	4602187	0	2904802
12.000000	0	4601984	0	2904725
12.150000	0	4602160	0	2904728
12.300000	0	4602317	0	2904470
12.450000	0	4602207	0	2904801
12.600000	0	4602108	0	2904647
12.750000	0	4602116	0	2904694
12.900000	0	4602003	0	2904748
13.050000	0	4602152	0	2904577
13.200000	0	4602152	0	2904903
13.350000	0	4602193	0	2904627
13.500000	0	4602003	0	2904719
13.650000	0	4602101	0	2904627
13.800000	0	4602423	0	2904704
13.950000	0	4602157	0	2904858
14.100000	0	4602039	0	2904552
14.250000	0	4602146	0	2904631
14.400000	0	4602158	0	2904783
14.550000	0	4602161	0	2904373
14.700000	0	4602250	0	2904589
14.850000	0	4601921	0	2904551
15.000000	0	4602098	0	2904586
15.150000	0	4602007	0	2904622
15.300000	0	4602028	0	2904497
15.450000	0	4602077	0	2904576
15.600000	0	4602202	0	2904918
15.750000	0	4602105	0	2904663
15.900000	0	4601816	0	2904580
16.050000	0	4602137	0	2904596
16.200000	0	4602264	0	2904584
16.350000	0	4602199	0	2904810
16.500000	0	4602154	0	2904417
16.650000	0	4602026	0	2904682
16.800000	0	4602337	0	2904546
16.950000	0	4602129	0	2904710
17.100000	0	4602035	0	2904799
17.250000	0	4602177	0	2904737
17.400000	0	4601952	0	2904450
17.550000	0	4602128	0	2904707
17.700000	0	4602080	0	2904751
17.850000	0	4601896	0	2904595
18.000000	0	4602084	0	2904643
18.150000	0	4602024	0	2904719
18.300000	0	4602069	0	2904722
18.450000	0	4602136	0	2904631
18.600000	0	4602150	0	2904729
18.750000	0	4601980	0	2904474
18.900000	0	4602174	0	2904839
19.050000	0	4602099	0	2905012
19.200000	0	4601953	0	2904518
19.350000	0	4602235	0	2904320
19.500000	0	4602120	0	2904601
19.650000	0	4602200	0	2904769
19.800000	0	4602308	0	2904708
19.950000	0	4602308	0	2904413
20.100000	0	4602241	0	2904587
20.250000	0	4602212	0	2904395
20.400000	0	4602053	0	2904847
20.550000	0	4602129	0	2904711
20.700000	0	4602313	0	2904625
20.850000	0	4602053	0	2904612
21.000000	0	4602147	0	2904664
21.150000	0	4602198	0	2904389
21.300000	0	4602360	0	2904683
21.450000	0	4602208	0	2905052
21.600000	0	4602157	0	2904577
21.750000	0	4602185	0	2904599
21.900000	0	4602339	0	2904572
22.050000	0	4602166	0	2904578
22.200000	0	4602180	0	2904832
22.350000	0	4602015	0	2904580
22.500000	0	4602050	0	2904480
22.650000	0	4602331	0	2904574
22.800000	0	4601972	0	2904579
22.950000	0	4602243	0	2904534
23.100000	0	4601990	0	2904480
23.250000	0	4602304	0	2904697
23.400000	0	4602182	0	2904475
23.550000	0	4602240	0	2904607
23.700000	0	4601874	0	2904745
23.850000	0	4602234	0	2904422
24.000000	0	4602205	0	2904692
24.150000	0	4602175	0	2904746
24.300000	0	4602054	0	2904863
24.450000	0	4602067	0	2904506
24.600000	0	4602307	0	2905003
24.750000	0	4602083	0	2904854
24.900000	0	4601994	0	2904642
25.050000	0	4602107	0	2904856
25.200000	0	4602059	0	2904609
25.350000	0	4602114	0	2904518
25.500000	0	4602076	0	2904793
25.650000	0	4602098	0	2904296
25.800000	0	4602026	0	2904756
25.950000	0	4602290	0	2904652
26.100000	0	4602025	0	2904692
26.250000	0	4601851	0	2904645
26.400000	0	4602294	0	2904472
26.550000	0	4602205	0	2904687
26.700000	0	4601878	0	2904566
26.850000	0	4602142	0	2904801
27.000000	0	4602242	0	2904620
27.150000	0	4602109	0	2904855
27.300000	0	4602084	0	2904733
27.450000	0	4602068	0	2904594
27.600000	0	4602126	0	2904766
27.750000	0	4601986	0	2904490
27.900000	0	4602116	0	2904709
28.050000	0	4602122	0	2904839
28.200000	0	4602149	0	2904631
28.350000	0	4601974	0	2904836
28.500000	0	4602130	0	2904671
28.650000	0	4602010	0	2904953
28.800000	0	4602164	0	2904710
28.950000	0	4602015	0	2904640
29.100000	0	4602198	0	2904800
29.250000	0	4601884	0	2904650
29.400000	0	4601977	0	2904628
29.550000	0	4602183	0	2904743
29.700000	0	4602327	0	2904587
29.850000	0	4602099	0	2904349
30.000000	0	4602165	0	2904539
30.150000	0	4602126	0	2904607
30.300000	0	4602058	0	2904535
30.450000	0	4602167	0	2904921
30.600000	0	4602045	0	2904854
30.750000	0	4602181	0	2904759
30.900000	0	4602071	0	2904745
31.050000	0	4602020	0	2904424
31.200000	0	4601981	0	2904436
31.350000	0	4602169	0	2904718
31.500000	0	4602042	0	2904670
31.650000	0	4602185	0	2904623
31.800000	0	4602293	0	2904827
31.950000	0	4602063	0	2904765
32.100000	0	4602105	0	2904613
32.250000	0	4602064	0	2904685
32.400000	0	4601968	0	2904611
32.550000	0	4602007	0	2904612
32.700000	0	4601915	0	2904922
32.850000	0	4601892	0	2904532
33.000000	0	4602068	0	2904770
33.150000	0	4602373	0	2904640
33.300000	0	4602161	0	2904661
33.450000	0	4602122	0	2904812
33.600000	0	4602074	0	2904678
33.750000	0	4602081	0	2904441
33.900000	0	4602080	0	2904494
34.050000	0	4602161	0	2904806
34.200000	0	4602019	0	2904575
34.350000	0	4602173	0	2904789
34.500000	0	4602040	0	2904634
34.650000	0	4601998	0	2904505
34.800000	0	4602112	0	2904589
34.950000	0	4602008	0	2904559
35.100000	0	4602111	0	2904590
35.250000	0	4602153	0	2904496
35.400000	0	4602032	0	2904549
35.550000	0	4602070	0	2904567
35.700000	0	4602057	0	2904781
35.850000	0	4602135	0	2904545
36.000000	0	4602040	0	2904751
36.150000	0	4602102	0	2904715
36.300000	0	4602047	0	2904642
36.450000	0	4602077	0	2904784
36.600000	0	4601946	0	2904578
36.750000	0	4601959	0	2904610
36.900000	0	4602106	0	2904683
37.050000	0	4602237	0	2904629
37.200000	0	4601909	0	2904588
37.350000	0	4602075	0	2904430
37.500000	0	4602080	0	2904604
37.650000	0	4602149	0	2904726
37.800000	0	4602062	0	2904749
37.950000	0	4602129	0	2904781
38.100000	0	4601984	0	2904715
38.250000	0	4602288	0	2904517
38.400000	0	4602025	0	2904852
38.550000	0	4602082	0	2904841
38.700000	0	4601950	0	2904605
38.850000	0	4602068	0	2904680
39.000000	0	4602069	0	2904915
39.150000	0	4602305	0	2904411
39.300000	0	4601973	0	2904481
39.450000	0	4602038	0	2904610
39.600000	0	4602160	0	2904652
39.750000	0	4601960	0	2904503
39.900000	0	4602156	0	2904748
40.050000	0	4602158	0	2904737
40.200000	0	4601967	0	2904731
40.350000	0	4601907	0	2904362
40.500000	0	4602013	0	2904884
40.650000	0	4601957	0	2904374
40.800000	0	4602023	0	2904649
40.950000	0	4602161	0	2904747
41.100000	0	4602142	0	2904571
41.250000	0	4602213	0	2904422
41.400000	0	4602116	0	2904876
41.550000	0	4601939	0	2904531
41.700000	0	4602038	0	2904422
41.850000	0	4602010	0	2904621
42.000000	0	4601963	0	2904655
42.150000	0	4601962	0	2904664
42.300000	0	4602122	0	2904602
42.450000	0	4602156	0	2904455
42.600000	0	4602099	0	2904722
42.750000	0	4601872	0	2904824
42.900000	0	4601856	0	2904771
43.050000	0	4601879	0	2904661
43.200000	0	4602146	0	2904734
43.350000	0	4602026	0	2904790
43.500000	0	4602150	0	2904596
43.650000	0	4602005	0	2904770
43.800000	0	4602023	0	2904603
43.950000	0	4602016	0	2904507
44.100000	0	4602063	0	2904283
44.250000	0	4601970	0	2904716
44.400000	0	4602175	0	2904700
44.550000	0	4602005	0	2904677
44.700000	0	4601999	0	2904540
44.850000	0	4601899	0	2904668
45.000000	0	4602100	0	2904552
45.150000	0	4602083	0	2904804
45.300000	0	4602024	0	2904376
45.450000	0	4602117	0	2904822
45.600000	0	4602091	0	2904836
45.750000	0	4602067	0	2904500
45.900000	0	4602079	0	2904436
46.050000	0	4602052	0	2904567
46.200000	0	4601962	0	2904645
46.350000	0	4602133	0	2904658
46.500000	0	4602029	0	2904493
46.650000	0	4602056	0	2904637
46.800000	0	4601996	0	2904697
46.950000	0	4602034	0	2904255
47.100000	0	4602095	0	2904595
47.250000	0	4602162	0	2904601
47.400000	0	4602135	0	2904928
47.550000	0	4602123	0	2904608
47.700000	0	4602116	0	2904592
47.850000	0	4602093	0	2904661
48.000000	0	4602214	0	2904520
48.150000	0	4602266	0	2904764
48.300000	0	4602109	0	2904858
48.450000	0	4602060	0	2904827
48.600000	0	4601958	0	2904928
48.750000	0	4601906	0	2904364
48.900000	0	4602123	0	2904790
49.050000	0	4602094	0	2904521
49.200000	0	4601977	0	2904636
49.350000	0	4602002	0	2904594
49.500000	0	4602234	0	2904837
49.650000	0	4602039	0	2904430
49.800000	0	4601912	0	2904680
49.950000	0	4601958	0	2904377
50.100000	0	4602080	0	2904542
50.250000	0	4602171	0	2904855
50.400000	0	4602076	0	2904498
50.550000	0	4601975	0	2904634
50.700000	0	4601982	0	2904813
50.850000	0	4601974	0	2904464
51.000000	0	4602112	0	2904767
51.150000	0	4601924	0	2904441
51.300000	0	4602006	0	2904581
51.450000	0	4602025	0	2904565
51.600000	0	4601966	0	2904669
51.750000	0	4602078	0	2904414
51.900000	0	4602340	0	2904563
52.050000	0	4602022	0	2904335
52.200000	0	4602062	0	2904460
52.350000	0	4602150	0	2904476
52.500000	0	4601968	0	2904961
52.650000	0	4602172	0	2904482
52.800000	0	4601961	0	2904666
52.950000	0	4602146	0	2904490
53.100000	0	4602051	0	2904676
53.250000	0	4602181	0	2904600
53.400000	0	4601921	0	2904469
53.550000	0	4602277	0	2904731
53.700000	0	4602266	0	2904648
53.850000	0	4601948	0	2904752
54.000000	0	4601950	0	2904662
54.150000	0	4602146	0	2904634
54.300000	0	4602072	0	2904583
54.450000	0	4601933	0	2904740
54.600000	0	4602066	0	2904613
54.750000	0	4602234	0	2904653
54.900000	0	4602037	0	2904730
55.050000	0	4602126	0	2904746
55.200000	0	4602022	0	2904351
55.350000	0	4601923	0	2904737
55.500000	0	4602155	0	2904604
55.650000	0	4602140	0	2904685
55.800000	0	4601895	0	2904723
55.950000	0	4602112	0	2904591
56.100000	0	4601929	0	2904914
56.250000	0	4602077	0	2904456
56.400000	0	4602065	0	2904778
56.550000	0	4602142	0	2904507
56.700000	0	4601958	0	2904433
56.850000	0	4602019	0	2904655
57.000000	0	4601951	0	2904602
57.150000	0	4601949	0	2904549
57.300000	0	4601906	0	2904641
57.450000	0	4602012	0	2904632
57.600000	0	4602074	0	2904897
57.750000	0	4601902	0	2904495
57.900000	0	4601990	0	2904463
58.050000	0	4602005	0	2904639
58.200000	0	4601991	0	2904746
58.350000	0	4602064	0	2904662
58.500000	0	4602105	0	2904741
58.650000	0	4601982	0	2904933
58.800000	0	4602037	0	2904607
58.950000	0	4601912	0	2904574
59.100000	0	4602002	0	2904982
59.250000	0	4601936	0	2904342
59.400000	0	4602324	0	2904624
59.550000	0	4602106	0	2904613
59.700000	0	4602067	0	2904855
59.850000	0	4601959	0	2904328
60.000000	0	4602095	0	2904917
60.150000	0	4602001	0	2904454
60.300000	0	4602007	0	2904637
60.450000	0	4601945	0	2904676
60.600000	0	4601846	0	2904408
60.750000	0	4602066	0	2904576
60.900000	0	4602022	0	2904486
61.050000	0	4602010	0	2904588
61.200000	0	4602012	0	2904367
61.350000	0	4601930	0	2904506
61.500000	0	4602118	0	2904670
61.650000	0	4601896	0	2904451
61.800000	0	4602081	0	2904455
61.950000	0	4602092	0	2904507
62.100000	0	4602037	0	2904585
62.250000	0	4601855	0	2904792
62.400000	0	4601875	0	2904472
62.550000	0	4602104	0	2904856
62.700000	0	4602130	0	2904672
62.850000	0	4602097	0	2904406
63.000000	0	4601822	0	2904452
63.150000	0	4602007	0	2904517
63.300000	0	4602171	0	2904702
63.450000	0	4602047	0	2904530
63.600000	0	4602064	0	2904217
63.750000	0	4601984	0	2904585
63.900000	0	4602080	0	2904437
64.050000	0	4601934	0	2904411
64.200000	0	4602101	0	2904460
64.350000	0	4602158	0	2904554
64.500000	0	4601975	0	2904172
64.650000	0	4602098	0	2904548
64.800000	0	4601924	0	2904554
64.950000	0	4601827	0	2904605
65.100000	0	4602009	0	2904449
65.250000	0	4601905	0	2904515
65.400000	0	4602041	0	2904561
65.550000	0	4602033	0	2904647
65.700000	0	4602013	0	2904296
65.850000	0	4602069	0	2904581
66.000000	0	4602082	0	2904650
66.150000	0	4602041	0	2904292
66.300000	0	4601865	0	2904688
66.450000	0	4602070	0	2904322
66.600000	0	4602154	0	2904596
66.750000	0	4602228	0	2904407
66.900000	0	4601917	0	2904631
67.050000	0	4602041	0	2904576
67.200000	0	4601771	0	2904454
67.350000	0	4601982	0	2904740
67.500000	0	4601916	0	2904687
67.650000	0	4602015	0	2904748
67.800000	0	4602159	0	2904518
67.950000	0	4602005	0	2904672
68.100000	0	4602076	0	2904728
68.250000	0	4602078	0	2904831
68.400000	0	4601921	0	2904859
68.550000	0	4601902	0	2904661
68.700000	0	4601903	0	2904419
68.850000	0	4602150	0	2905011
69.000000	0	4601876	0	2904479
69.150000	0	4602093	0	2904578
69.300000	0	4601973	0	2904641
69.450000	0	4601989	0	2904570
69.600000	0	4602107	0	2904622
69.750000	0	4602073	0	2904487
69.900000	0	4602119	0	2905006
70.050000	0	4602077	0	2904838
70.200000	0	4601996	0	2904198
70.350000	0	4602100	0	2904639
70.500000	0	4602089	0	2904614
70.650000	0	4602128	0	2904614
70.800000	0	4602054	0	2904469
70.950000	0	4602085	0	2904608
71.100000	0	4601837	0	2904754
71.250000	0	4602045	0	2904811
71.400000	0	4601844	0	2904415
71.550000	0	4602138	0	2904829
71.700000	0	4602024	0	2904619
71.850000	0	4602096	0	2904637
72.000000	0	4602084	0	2904506
72.150000	0	4602129	0	2904413
72.300000	0	4601861	0	2904628
72.450000	0	4602078	0	2904650
72.600000	0	4601851	0	2904735
72.750000	0	4602057	0	2904507
72.900000	0	4601974	0	2904654
73.050000	0	4602042	0	2904367
73.200000	0	4601981	0	2904798
73.350000	0	4602162	0	2904548
73.500000	0	4601928	0	2904344
73.650000	0	4602078	0	2904404
73.800000	0	4601977	0	2904556
73.950000	0	4601897	0	2904517
74.100000	0	4601854	0	2904526
74.250000	0	4601923	0	2904575
74.400000	0	4601911	0	2904558
74.550000	0	4602086	0	2904360
74.700000	0	4601934	0	2904443
74.850000	0	4601952	0	2904525
75.000000	0	4601936	0	2904715
75.150000	0	4601950	0	2904474
75.300000	0	4602100	0	2904553
75.450000	0	4602037	0	2904616
75.600000	0	4602142	0	2904611
75.750000	0	4601989	0	2904667
75.900000	0	4602000	0	2904389
76.050000	0	4601988	0	2904580
76.200000	0	4601971	0	2904575
76.350000	0	4602000	0	2904754
76.500000	0	4601942	0	2904671
76.650000	0	4601934	0	2904496
76.800000	0	4601913	0	2904482
76.950000	0	4601831	0	2904452
77.100000	0	4601890	0	2904864
77.250000	0	4602018	0	2904685
77.400000	0	4601937	0	2904270
77.550000	0	4601705	0	2904782
77.700000	0	4601948	0	2904538
77.850000	0	4601973	0	2904705
78.000000	0	4601915	0	2904406
78.150000	0	4601925	0	2904680
78.300000	0	4601921	0	2904688
78.450000	0	4601847	0	2904368
78.600000	0	4601971	0	2904435
78.750000	0	4601918	0	2904600
78.900000	0	4601913	0	2904611
79.050000	0	4602043	0	2904511
79.200000	0	4602037	0	2904558
79.350000	0	4601969	0	2904871
79.500000	0	4601913	0	2904795
79.650000	0	4602156	0	2904303
79.800000	0	4602174	0	2904586
79.950000	0	4601954	0	2904627
80.100000	0	4602089	0	2904712
80.250000	0	4601938	0	2904248
80.400000	0	4602004	0	2904437
80.550000	0	4601963	0	2904725
80.700000	0	4601839	0	2904411
80.850000	0	4602008	0	2904743
81.000000	0	4602095	0	2904528
81.150000	0	4602188	0	2904511
81.300000	0	4601934	0	2904492
81.450000	0	4602050	0	2904572
81.600000	0	4601977	0	2904538
81.750000	0	4601963	0	2904607
81.900000	0	4601992	0	2904489
82.050000	0	4601909	0	2904612
82.200000	0	4602032	0	2904332
82.350000	0	4602062	0	2904674
82.500000	0	4602031	0	2904708
82.650000	0	4601904	0	2904613
82.800000	0	4601858	0	2904397
82.950000	0	4601959	0	2904791
83.100000	0	4601808	0	2904622
83.250000	0	4601976	0	2904564
83.400000	0	4601829	0	2904363
83.550000	0	4601911	0	2904727
83.700000	0	4601954	0	2904720
83.850000	0	4601998	0	2904580
84.000000	0	4602048	0	2904712
84.150000	0	4602017	0	2904450
84.300000	0	4602231	0	2904320
84.450000	0	4602131	0	2904718
84.600000	0	4602002	0	2904387
84.750000	0	4601949	0	2904484
84.900000	0	4602079	0	2904542
85.050000	0	4602075	0	2904700
85.200000	0	4602049	0	2904478
85.350000	0	4602020	0	2904467
85.500000	0	4602045	0	2904613
85.650000	0	4601916	0	2904643
85.800000	0	4601967	0	2904576
85.950000	0	4601964	0	2904403
86.100000	0	4602031	0	2904329
86.250000	0	4601692	0	2904425
86.400000	0	4601929	0	2904598
86.550000	0	4601962	0	2904543
86.700000	0	4601929	0	2904675
86.850000	0	4601849	0	2904667
87.000000	0	4602216	0	2904454
87.150000	0	4602072	0	2904327
87.300000	0	4601908	0	2904679
87.450000	0	4602064	0	2904240
87.600000	0	4601956	0	2904610
87.750000	0	4601905	0	2904255
87.900000	0	4601980	0	2904353
88.050000	0	4601994	0	2904587
88.200000	0	4602158	0	2905081
88.350000	0	4602233	0	2904495
88.500000	0	4602104	0	2904838
88.650000	0	4602105	0	2904770
88.800000	0	4601887	0	2904629
88.950000	0	4602119	0	2904545
89.100000	0	4602002	0	2904425
89.250000	0	4602168	0	2904375
89.400000	0	4601882	0	2904438
89.550000	0	4601935	0	2904569
89.700000	0	4602016	0	2904293
89.850000	0	4601730	0	2904466
90.000000	0	4602039	0	2904279
90.150000	0	4601991	0	2904396
90.300000	0	4602039	0	2904427
90.450000	0	4601926	0	2904399
90.600000	0	4601824	0	2904232
90.750000	0	4602059	0	2904417
90.900000	0	4601958	0	2904760
91.050000	0	4601944	0	2904543
91.200000	0	4601975	0	2904479
91.350000	0	4601996	0	2904558
91.500000	0	4601999	0	2904365
91.650000	0	4602004	0	2904330
91.800000	0	4601963	0	2904368
91.950000	0	4601891	0	2904565
92.100000	0	4601990	0	2904696
92.250000	0	4601909	0	2904608
92.400000	0	4602002	0	2904323
92.550000	0	4601957	0	2904518
92.700000	0	4602113	0	2904453
92.850000	0	4602158	0	2904630
93.000000	0	4601885	0	2904495
93.150000	0	4601951	0	2904567
93.300000	0	4601863	0	2904482
93.450000	0	4602188	0	2904477
93.600000	0	4602006	0	2904541
93.750000	0	4601980	0	2904656
93.900000	0	4601975	0	2904540
94.050000	0	4602091	0	2904810
94.200000	0	4601943	0	2904609
94.350000	0	4601948	0	2904351
94.500000	0	4601950	0	2904788
94.650000	0	4601822	0	2904743
94.800000	0	4601966	0	2904520
94.950000	0	4602152	0	2904969
95.100000	0	4601792	0	2904618
95.250000	0	4602133	0	2904903
95.400000	0	4601950	0	2904438
95.550000	0	4602077	0	2904358
95.700000	0	4602002	0	2904986
95.850000	0	4601943	0	2904616
96.000000	0	4602035	0	2904691
96.150000	0	4601845	0	2904563
96.300000	0	4602172	0	2904493
96.450000	0	4601987	0	2904402
96.600000	0	4601833	0	2904786
96.750000	0	4601912	0	2904813
96.900000	0	4602137	0	2904571
97.050000	0	4601942	0	2904369
97.200000	0	4601849	0	2904546
97.350000	0	4601897	0	2904537
97.500000	0	4601905	0	2904466
97.650000	0	4601796	0	2904509
97.800000	0	4602057	0	2904571
97.950000	0	4602094	0	2904453
98.100000	0	4602018	0	2904439
98.250000	0	4601917	0	2904606
98.400000	0	4602012	0	2904552
98.550000	0	4601954	0	2904558
98.700000	0	4601819	0	2904660
98.850000	0	4601877	0	2904668
99.000000	0	4601776	0	2904364
99.150000	0	4601803	0	2904535
99.300000	0	4602025	0	2904589
99.450000	0	4601915	0	2904595
99.600000	0	4601824	0	2904509
99.750000	0	4601954	0	2904267
99.900000	0	4601995	0	2904540
100.050000	0	4601744	0	2904368
100.200000	0	4601972	0	2904725
100.350000	0	4602065	0	2904675
100.500000	0	4601969	0	2904559
100.650000	0	4601861	0	2904612
100.800000	0	4601891	0	2904667
100.950000	0	4601764	0	2904394
101.100000	0	4602007	0	2904520
101.250000	0	4601915	0	2904439
101.400000	0	4601742	0	2904423
101.550000	0	4601991	0	2904307
101.700000	0	4601885	0	2904800
101.850000	0	4601865	0	2904373
102.000000	0	4601938	0	2904509
102.150000	0	4601953	0	2904565
102.300000	0	4601836	0	2904607
102.450000	0	4601778	0	2904535
102.600000	0	4602056	0	2904638
102.750000	0	4601981	0	2904458
102.900000	0	4601862	0	2904435
103.050000	0	4601738	0	2904407
103.200000	0	4602021	0	2904515
103.350000	0	4601905	0	2904555
103.500000	0	4601782	0	2904540
103.650000	0	4601811	0	2904246
103.800000	0	4601824	0	2904747
103.950000	0	4601985	0	2904628
104.100000	0	4602049	0	2904738
104.250000	0	4601939	0	2904396
104.400000	0	4601992	0	2904339
104.550000	0	4601847	0	2904334
104.700000	0	4601839	0	2904469
104.850000	0	4601849	0	2904518
105.000000	0	4601880	0	2904420
105.150000	0	4601985	0	2904656
105.300000	0	4601888	0	2904424
105.450000	0	4601877	0	2904307
105.600000	0	4602077	0	2904556
105.750000	0	4601961	0	2904478
105.900000	0	4601988	0	2904683
106.050000	0	4602017	0	2904543
106.200000	0	4602081	0	2904668
106.350000	0	4602114	0	2904555
106.500000	0	4601829	0	2904466
106.650000	0	4601903	0	2904559
106.800000	0	4602043	0	2904512
106.950000	0	4601784	0	2904465
107.100000	0	4601783	0	2904565
107.250000	0	4602016	0	2904451
107.400000	0	4601701	0	2904565
107.550000	0	4601951	0	2904566
107.700000	0	4601714	0	2904428
107.850000	0	4601769	0	2904659
108.000000	0	4601894	0	2904612
108.150000	0	4601801	0	2904853
108.300000	0	4601966	0	2904595
108.450000	0	4601817	0	2904464
108.600000	0	4601939	0	2904645
108.750000	0	4601958	0	2904655
108.900000	0	4601813	0	2904662
109.050000	0	4602107	0	2904722
109.200000	0	4601641	0	2904539
109.350000	0	4601911	0	2904509
109.500000	0	4601925	0	2904670
109.650000	0	4601748	0	2904665
109.800000	0	4601775	0	2904317
109.950000	0	4602018	0	2904693
110.100000	0	4601895	0	2904608
110.250000	0	4601937	0	2904674
110.400000	0	4602026	0	2904630
110.550000	0	4601687	0	2904644
110.700000	0	4601721	0	2904511
110.850000	0	4602073	0	2904537
111.000000	0	4601719	0	2904449
111.150000	0	4601959	0	2904760
111.300000	0	4601871	0	2904631
111.450000	0	4601831	0	2904446
111.600000	0	4601793	0	2904651
111.750000	0	4601869	0	2904572
111.900000	0	4601816	0	2904594
112.050000	0	4601816	0	2904676
112.200000	0	4601806	0	2904516
112.350000	0	4601803	0	2904576
112.500000	0	4601846	0	2904702
112.650000	0	4601807	0	2904437
112.800000	0	4601877	0	2904400
112.950000	0	4602084	0	2904277
113.100000	0	4601844	0	2904385
113.250000	0	4601739	0	2904753
113.400000	0	4601724	0	2905025
113.550000	0	4601736	0	2904467
113.700000	0	4601774	0	2904520
113.850000	0	4601836	0	2904479
114.000000	0	4601785	0	2904722
114.150000	0	4601803	0	2904512
114.300000	0	4601621	0	2904597
114.450000	0	4601841	0	2904572
114.600000	0	4601991	0	2904372
114.750000	0	4601787	0	2904404
114.900000	0	4601899	0	2904620
115.050000	0	4601917	0	2904457
115.200000	0	4601780	0	2904774
115.350000	0	4601890	0	2904571
115.500000	0	4601873	0	2904389
115.650000	0	4601756	0	2904717
115.800000	0	4601805	0	2904234
115.950000	0	4601993	0	2904260
116.100000	0	4601785	0	2904754
116.250000	0	4601773	0	2904735
116.400000	0	4601858	0	2904390
116.550000	0	4601943	0	2904357
116.700000	0	4601918	0	2904749
116.850000	0	4601725	0	2904650
117.000000	0	4601786	0	2904302
117.150000	0	4601833	0	2904427
117.300000	0	4601914	0	2904430
117.450000	0	4601844	0	2904625
117.600000	0	4601868	0	2904405
117.750000	0	4601970	0	2904803
117.900000	0	4601920	0	2904340
118.050000	0	4601980	0	2904631
118.200000	0	4601828	0	2904280
118.350000	0	4602019	0	2904430
118.500000	0	4601747	0	2904514
118.650000	0	4601757	0	2904459
118.800000	0	4601878	0	2904389
118.950000	0	4601923	0	2904480
119.100000	0	4601781	0	2904372
119.250000	0	4601834	0	2904330
119.400000	0	4601894	0	2904316
119.550000	0	4601750	0	2904131
119.700000	0	4601774	0	2904408
119.850000	0	4601633	0	2904449
120.000000	0	4601863	0	2904676
120.150000	0	4602014	0	2904715
120.300000	0	4601845	0	2904206
120.450000	0	4601698	0	2904388
120.600000	0	4601977	0	2904319
120.750000	0	4601816	0	2904476
120.900000	0	4601840	0	2904453
121.050000	0	4601838	0	2904503
121.200000	0	4601827	0	2904307
121.350000	0	4601745	0	2904406
121.500000	0	4602040	0	2904607
121.650000	0	4601705	0	2904537
121.800000	0	4601799	0	2904514
121.950000	0	4601798	0	2904304
122.100000	0	4601875	0	2904387
122.250000	0	4602032	0	2904402
122.400000	0	4601849	0	2904293
122.550000	0	4601738	0	2904566
122.700000	0	4601907	0	2904464
122.850000	0	4602012	0	2904545
123.000000	0	4601842	0	2904580
123.150000	0	4601654	0	2904300
123.300000	0	4602047	0	2904314
123.450000	0	4601800	0	2904531
123.600000	0	4601728	0	2904513
123.750000	0	4601902	0	2904550
123.900000	0	4601897	0	2904395
124.050000	0	4601778	0	2904318
124.200000	0	4601705	0	2904304
124.350000	0	4601782	0	2904264
124.500000	0	4601714	0	2904334
124.650000	0	4601654	0	2904313
124.800000	0	4601613	0	2904698
124.950000	0	4601810	0	2904508
125.100000	0	4602018	0	2904485
125.250000	0	4601825	0	2904605
125.400000	0	4601921	0	2904395
125.550000	0	4601889	0	2904670
125.700000	0	4601840	0	2904625
125.850000	0	4601904	0	2904292
126.000000	0	4601683	0	2904487
126.150000	0	4601591	0	2904485
126.300000	0	4601779	0	2904605
126.450000	0	4601851	0	2904398
126.600000	0	4602028	0	2904560
126.750000	0	4601837	0	2904432
126.900000	0	4601859	0	2904543
127.050000	0	4601917	0	2904279
127.200000	0	4601813	0	2904543
127.350000	0	4601697	0	2904581
127.500000	0	4601963	0	2904524
127.650000	0	4601947	0	2904858
127.800000	0	4601732	0	2904576
127.950000	0	4601812	0	2904374
128.100000	0	4601791	0	2904511
128.250000	0	4601659	0	2904034
128.400000	0	4601823	0	2904554
128.550000	0	4601794	0	2904603
128.700000	0	4601793	0	2904274
128.850000	0	4601639	0	2904568
129.000000	0	4602004	0	2904532
129.150000	0	4601823	0	2904661
129.300000	0	4601978	0	2904306
129.450000	0	4601892	0	2904384
129.600000	0	4601781	0	2904578
129.750000	0	4601860	0	2904386
129.900000	0	4601881	0	2904446
130.050000	0	4601901	0	2904578
130.200000	0	4601928	0	2904472
130.350000	0	4601843	0	2904495
130.500000	0	4601815	0	2904551
130.650000	0	4601865	0	2904513
130.800000	0	4601863	0	2904523
130.950000	0	4601710	0	2904203
131.100000	0	4601896	0	2904486
131.250000	0	4601889	0	2904392
131.400000	0	4601731	0	2904304
131.550000	0	4601699	0	2904609
131.700000	0	4601842	0	2904440
131.850000	0	4601858	0	2904416
132.000000	0	4601603	0	2904442
132.150000	0	4601773	0	2904319
132.300000	0	4601755	0	2904593
132.450000	0	4601755	0	2904700
132.600000	0	4601834	0	2904490
132.750000	0	4601958	0	2904764
132.900000	0	4601703	0	2904694
133.050000	0	4601592	0	2904552
133.200000	0	4601909	0	2904484
133.350000	0	4601619	0	2904448
133.500000	0	4601937	0	2904360
133.650000	0	4601722	0	2904414
133.800000	0	4601687	0	2904470
133.950000	0	4601877	0	2904254
134.100000	0	4601956	0	2904591
134.250000	0	4601791	0	2904203
134.400000	0	4601607	0	2904441
134.550000	0	4602059	0	2904468
134.700000	0	4601950	0	2904448
134.850000	0	4601686	0	2904425
135.000000	0	4601862	0	2904362
135.150000	0	4601837	0	2904558
135.300000	0	4601922	0	2904381
135.450000	0	4601815	0	2904310
135.600000	0	4601772	0	2904348
135.750000	0	4601823	0	2904517
135.900000	0	4601727	0	2904235
136.050000	0	4601988	0	2904160
136.200000	0	4601686	0	2904314
136.350000	0	4601905	0	2904482
136.500000	0	4601782	0	2904478
136.650000	0	4601838	0	2904513
136.800000	0	4601698	0	2904332
136.950000	0	4601644	0	2904354
137.100000	0	4601690	0	2904604
137.250000	0	4602000	0	2904509
137.400000	0	4601715	0	2904301
137.550000	0	4601856	0	2904358
137.700000	0	4602053	0	2904414
137.850000	0	4601878	0	2904473
138.000000	0	4601652	0	2904247
138.150000	0	4601813	0	2904455
138.300000	0	4601836	0	2904477
138.450000	0	4601826	0	2904505
138.600000	0	4601870	0	2904430
138.750000	0	4601651	0	2904258
138.900000	0	4601922	0	2904451
139.050000	0	4601898	0	2904321
139.200000	0	4601971	0	2904713
139.350000	0	4601839	0	2904540
139.500000	0	4601926	0	2904238
139.650000	0	4601868	0	2904504
139.800000	0	4601978	0	2904212
139.950000	0	4601756	0	2904582
140.100000	0	4601963	0	2904525
140.250000	0	4601827	0	2904700
140.400000	0	4601909	0	2904348
140.550000	0	4601908	0	2904337
140.700000	0	4601807	0	2904361
140.850000	0	4601742	0	2904635
141.000000	0	4601870	0	2904528
141.150000	0	4601872	0	2904355
141.300000	0	4601892	0	2904624
141.450000	0	4601721	0	2904319
141.600000	0	4601739	0	2904755
141.750000	0	4601680	0	2904492
141.900000	0	4601809	0	2904588
142.050000	0	4601761	0	2904545
142.200000	0	4602101	0	2904458
142.350000	0	4601876	0	2904324
142.500000	0	4601887	0	2904555
142.650000	0	4601957	0	2904609
142.800000	0	4601806	0	2904402
142.950000	0	4602042	0	2904539
143.100000	0	4601886	0	2904670
143.250000	0	4602029	0	2904558
143.400000	0	4601656	0	2904761
143.550000	0	4601958	0	2904541
143.700000	0	4601751	0	2904484
143.850000	0	4601708	0	2904355
144.000000	0	4601758	0	2904397
144.150000	0	4601757	0	2904225
144.300000	0	4601824	0	2904258
144.450000	0	4601877	0	2904366
144.600000	0	4601812	0	2904476
144.750000	0	4601791	0	2904558
144.900000	0	4601642	0	2904462
145.050000	0	4601718	0	2904216
145.200000	0	4602026	0	2904406
145.350000	0	4601886	0	2904331
145.500000	0	4601630	0	2904453
145.650000	0	4601881	0	2904444
145.800000	0	4601951	0	2904666
145.950000	0	4601920	0	2904661
146.100000	0	4601886	0	2904521
146.250000	0	4601771	0	2904605
146.400000	0	4601872	0	2904583
146.550000	0	4601729	0	2904278
146.700000	0	4601759	0	2904258
146.850000	0	4601973	0	2904478
147.000000	0	4601956	0	2904306
147.150000	0	4601666	0	2904621
147.300000	0	4601896	0	2904480
147.450000	0	4601827	0	2904563
147.600000	0	4601861	0	2904459
147.750000	0	4601826	0	2904334
147.900000	0	4601898	0	2904873
148.050000	0	4601803	0	2904184
148.200000	0	4601868	0	2904432
148.350000	0	4601747	0	2904355
148.500000	0	4601821	0	2904564
148.650000	0	4601723	0	2904571
148.800000	0	4601767	0	2904599
148.950000	0	4601644	0	2904191
149.100000	0	4601651	0	2904507
149.250000	0	4601763	0	2904561
149.400000	0	4601872	0	2904483
149.550000	0	4601765	0	2904352
149.700000	0	4601720	0	2904386
149.850000	0	4601776	0	2904532
150.000000	0	4601618	0	2904641
150.150000	0	4601871	0	2904534
150.300000	0	4601810	0	2904279
150.450000	0	4601744	0	2904418
150.600000	0	4601957	0	2904412
150.750000	0	4601798	0	2904521
150.900000	0	4601844	0	2904566
151.050000	0	4601791	0	2904225
151.200000	0	4601907	0	2904475
151.350000	0	4601774	0	2904672
151.500000	0	4601787	0	2904628
151.650000	0	4601701	0	2904328
151.800000	0	4601755	0	2904725
151.950000	0	4601874	0	2904654
152.100000	0	4601920	0	2904550
152.250000	0	4601799	0	2904576
152.400000	0	4601766	0	2904449
152.550000	0	4601649	0	2904695
152.700000	0	4601909	0	2904547
152.850000	0	4601728	0	2904628
153.000000	0	4601915	0	2904475
153.150000	0	4601828	0	2904373
153.300000	0	4601882	0	2904438
153.450000	0	4601847	0	2904759
153.600000	0	4601731	0	2904371
153.750000	0	4602037	0	2904613
153.900000	0	4601949	0	2904188
154.050000	0	4601706	0	2904211
154.200000	0	4601723	0	2904534
154.350000	0	4601877	0	2904583
154.500000	0	4601881	0	2904395
154.650000	0	4601774	0	2904536
154.800000	0	4601897	0	2904427
154.950000	0	4601947	0	2904179
155.100000	0	4601824	0	2904326
155.250000	0	4601790	0	2904187
155.400000	0	4601585	0	2904205
155.550000	0	4601896	0	2904194
155.700000	0	4601921	0	2904616
155.850000	0	4601864	0	2904241
156.000000	0	4601786	0	2904737
156.150000	0	4601755	0	2904402
156.300000	0	4601887	0	2904398
156.450000	0	4601860	0	2904190
156.600000	0	4601731	0	2904625
156.750000	0	4602187	0	2904192
156.900000	0	4601756	0	2904439
157.050000	0	4601797	0	2904289
157.200000	0	4601873	0	2904366
157.350000	0	4601823	0	2904596
157.500000	0	4601794	0	2904398
157.650000	0	4601726	0	2904469
157.800000	0	4601798	0	2904340
157.950000	0	4601804	0	2904363
158.100000	0	4601926	0	2904414
158.250000	0	4601901	0	2904491
158.400000	0	4601656	0	2904360
158.550000	0	4601969	0	2904470
158.700000	0	4601849	0	2904481
158.850000	0	4601838	0	2904473
159.000000	0	4601775	0	2904453
159.150000	0	4601848	0	2904436
159.300000	0	4601827	0	2904494
159.450000	0	4601917	0	2904610
159.600000	0	4601727	0	2904526
159.750000	0	4601927	0	2904482
159.900000	0	4601953	0	2904319
160.050000	0	4601840	0	2904264
160.200000	0	4601900	0	2904407
160.350000	0	4601828	0	2904242
160.500000	0	4601791	0	2904430
160.650000	0	4601784	0	2904551
160.800000	0	4601894	0	2904268
160.950000	0	4601692	0	2904759
161.100000	0	4601662	0	2904003
161.250000	0	4602012	0	2904475
161.400000	0	4601847	0	2904629
161.550000	0	4601957	0	2904368
161.700000	0	4601816	0	2904449
161.850000	0	4601787	0	2904560
162.000000	0	4601873	0	2904418
162.150000	0	4601842	0	2904608
162.300000	0	4601843	0	2904421
162.450000	0	4601896	0	2904529
162.600000	0	4601752	0	2904535
162.750000	0	4601805	0	2904459
162.900000	0	4601768	0	2904376
163.050000	0	4601801	0	2904481
163.200000	0	4601771	0	2904436
163.350000	0	4601695	0	2904497
163.500000	0	4602067	0	2904475
163.650000	0	4601904	0	2904453
163.800000	0	4601951	0	2904474
163.950000	0	4601826	0	2904624
164.100000	0	4601874	0	2904495
164.250000	0	4602024	0	2904571
164.400000	0	4601928	0	2904533
164.550000	0	4601721	0	2904387
164.700000	0	4601736	0	2904310
164.850000	0	4601838	0	2904302
165.000000	0	4602026	0	2904597
165.150000	0	4601686	0	2904136
165.300000	0	4601864	0	2904501
165.450000	0	4601871	0	2904146
165.600000	0	4602134	0	2904453
165.750000	0	4601838	0	2904249
165.900000	0	4601719	0	2904515
166.050000	0	4601841	0	2904471
166.200000	0	4601778	0	2904513
166.350000	0	4601841	0	2904329
166.500000	0	4601860	0	2904460
166.650000	0	4601923	0	2904575
166.800000	0	4601891	0	2904289
166.950000	0	4601675	0	2904541
167.100000	0	4601822	0	2904272
167.250000	0	4601852	0	2904250
167.400000	0	4601825	0	2904436
167.550000	0	4601574	0	2904362
167.700000	0	4601737	0	2904198
167.850000	0	4601862	0	2904463
168.000000	0	4601844	0	2904249
168.150000	0	4601762	0	2904674
168.300000	0	4601837	0	2904641
168.450000	0	4601737	0	2904429
168.600000	0	4601799	0	2904562
168.750000	0	4601999	0	2904358
168.900000	0	4601897	0	2904323
169.050000	0	4601930	0	2904473
169.200000	0	4601721	0	2904289
169.350000	0	4601830	0	2904250
169.500000	0	4601762	0	2904121
169.650000	0	4601679	0	2904661
169.800000	0	4601698	0	2904247
169.950000	0	4601763	0	2904451
170.100000	0	4601894	0	2904381
170.250000	0	4601639	0	2904616
170.400000	0	4601822	0	2904305
170.550000	0	4601777	0	2904486
170.700000	0	4601827	0	2904156
170.850000	0	4601836	0	2904469
171.000000	0	4601813	0	2904354
171.150000	0	4601810	0	2904413
171.300000	0	4601735	0	2904445
171.450000	0	4601691	0	2904234
171.600000	0	4601673	0	2904294
171.750000	0	4601841	0	2904350
171.900000	0	4601853	0	2904404
172.050000	0	4601799	0	2904743
172.200000	0	4601758	0	2904192
172.350000	0	4601643	0	2904334
172.500000	0	4601833	0	2904452
172.650000	0	4601763	0	2904088
172.800000	0	4601622	0	2904377
172.950000	0	4601852	0	2904396
173.100000	0	4601688	0	2904603
173.250000	0	4601805	0	2904508
173.400000	0	4601699	0	2904229
173.550000	0	4601650	0	2904295
173.700000	0	4601628	0	2904552
173.850000	0	4601752	0	2904380
174.000000	0	4601665	0	2904220
174.150000	0	4601805	0	2904692
174.300000	0	4601793	0	2904299
174.450000	0	4601666	0	2904615
174.600000	0	4601542	0	2904033
174.750000	0	4601796	0	2904306
174.900000	0	4601850	0	2904431
175.050000	0	4601738	0	2904499
175.200000	0	4601622	0	2904489
175.350000	0	4601833	0	2904329
175.500000	0	4601798	0	2904183
175.650000	0	4601690	0	2904472
175.800000	0	4601680	0	2904543
175.950000	0	4601871	0	2904492
176.100000	0	4601796	0	2904166
176.250000	0	4601657	0	2904421
176.400000	0	4601748	0	2904357
176.550000	0	4601708	0	2904346
176.700000	0	4601626	0	2904447
176.850000	0	4601694	0	2904597
177.000000	0	4601797	0	2904757
177.150000	0	4601738	0	2904344
177.300000	0	4601749	0	2904242
177.450000	0	4601772	0	2904088
177.600000	0	4601706	0	2904485
177.750000	0	4601749	0	2904345
177.900000	0	4601739	0	2904404
178.050000	0	4601681	0	2904590
178.200000	0	4601703	0	2904486
178.350000	0	4601691	0	2904287
178.500000	0	4601695	0	2904453
178.650000	0	4601801	0	2904599
178.800000	0	4601834	0	2904324
178.950000	0	4601850	0	2904274
179.100000	0	4601822	0	2904407
179.250000	0	4601742	0	2904407
179.400000	0	4601854	0	2904270
179.550000	0	4601587	0	2904361
179.700000	0	4601572	0	2904611
179.850000	0	4601756	0	2904550
180.000000	0	4601785	0	2904258
180.150000	0	4601753	0	2904358
180.300000	0	4601821	0	2904479
180.450000	0	4601797	0	2904520
180.600000	0	4601399	0	2904629
180.750000	0	4601689	0	2904438
180.900000	0	4601833	0	2904399
181.050000	0	4601741	0	2904627
181.200000	0	4601884	0	2904497
181.350000	0	4601742	0	2904489
181.500000	0	4601707	0	2904131
181.650000	0	4601869	0	2904386
181.800000	0	4601781	0	2904488
181.950000	0	4601851	0	2904452
182.100000	0	4601688	0	2904350
182.250000	0	4601662	0	2904353
182.400000	0	4601593	0	2904321
182.550000	0	4601722	0	2904619
182.700000	0	4601703	0	2904562
182.850000	0	4601583	0	2904414
183.000000	0	4601886	0	2904236
183.150000	0	4601789	0	2904387
183.300000	0	4601673	0	2904341
183.450000	0	4601630	0	2904208
183.600000	0	4601715	0	2904512
183.750000	0	4601785	0	2904657
183.900000	0	4601960	0	2904607
184.050000	0	4601734	0	2904556
184.200000	0	4601894	0	2904293
184.350000	0	4601896	0	2904451
184.500000	0	4601937	0	2904593
184.650000	0	4601699	0	2904488
184.800000	0	4601597	0	2904536
184.950000	0	4601817	0	2904100
185.100000	0	4601809	0	2904359
185.250000	0	4601838	0	2904560
185.400000	0	4601898	0	2904419
185.550000	0	4601673	0	2904501
185.700000	0	4601787	0	2904738
185.850000	0	4601906	0	2904310
186.000000	0	4601723	0	2904664
186.150000	0	4601896	0	2904539
186.300000	0	4601669	0	2904409
186.450000	0	4601852	0	2904470
186.600000	0	4601716	0	2904395
186.750000	0	4601624	0	2904263
186.900000	0	4601875	0	2904686
187.050000	0	4601787	0	2904583
187.200000	0	4601736	0	2904236
187.350000	0	4601618	0	2904218
187.500000	0	4601808	0	2904415
187.650000	0	4601726	0	2904447
187.800000	0	4601677	0	2904405
187.950000	0	4601669	0	2904378
188.100000	0	4601616	0	2904399
188.250000	0	4601581	0	2904412
188.400000	0	4601652	0	2904415
188.550000	0	4601889	0	2904816
188.700000	0	4601793	0	2904459
188.850000	0	4601790	0	2904384
189.000000	0	4601777	0	2904556
189.150000	0	4601722	0	2904647
189.300000	0	4601692	0	2904630
189.450000	0	4601841	0	2904509
189.600000	0	4601833	0	2904156
189.750000	0	4601773	0	2904403
189.900000	0	4601856	0	2904065
190.050000	0	4601678	0	2904070
190.200000	0	4601757	0	2904315
190.350000	0	4601795	0	2904442
190.500000	0	4601673	0	2904388
190.650000	0	4601808	0	2904438
190.800000	0	4601701	0	2904506
190.950000	0	4601790	0	2904178
191.100000	0	4601848	0	2904401
191.250000	0	4601649	0	2904262
191.400000	0	4601812	0	2904500
191.550000	0	4601656	0	2904378
191.700000	0	4601936	0	2904581
191.850000	0	4601715	0	2904462
192.000000	0	4601812	0	2904357
192.150000	0	4601687	0	2904662
192.300000	0	4601769	0	2904370
192.450000	0	4601838	0	2904513
192.600000	0	4602001	0	2904690
192.750000	0	4601918	0	2904421
192.900000	0	4601787	0	2904421
193.050000	0	4601865	0	2904166
193.200000	0	4601748	0	2904327
193.350000	0	4601819	0	2904135
193.500000	0	4601658	0	2904709
193.650000	0	4601704	0	2904332
193.800000	0	4601755	0	2904615
193.950000	0	4601817	0	2904338
194.100000	0	4601843	0	2904500
194.250000	0	4601710	0	2904251
194.400000	0	4601940	0	2904330
194.550000	0	4601737	0	2904405
194.700000	0	4601748	0	2904420
194.850000	0	4601661	0	2904275
195.000000	0	4601702	0	2904276
195.150000	0	4601632	0	2904451
195.300000	0	4601819	0	2904719
195.450000	0	4601874	0	2904442
195.600000	0	4601714	0	2904424
195.750000	0	4601823	0	2904389
195.900000	0	4601836	0	2904152
196.050000	0	4601921	0	2904352
196.200000	0	4601875	0	2904304
196.350000	0	4601629	0	2904471
196.500000	0	4601739	0	2904332
196.650000	0	4601781	0	2904475
196.800000	0	4601693	0	2904469
196.950000	0	4601779	0	2904413
197.100000	0	4601581	0	2904311
197.250000	0	4601662	0	2904320
197.400000	0	4601724	0	2904592
197.550000	0	4601746	0	2904558
197.700000	0	4601738	0	2904537
197.850000	0	4601891	0	2904409
198.000000	0	4601777	0	2904486
198.150000	0	4601636	0	2904321
198.300000	0	4601929	0	2904403
198.450000	0	4601656	0	2904479
198.600000	0	4601747	0	2904040
198.750000	0	4601765	0	2904374
198.900000	0	4601685	0	2904043
199.050000	0	4601710	0	2904534
199.200000	0	4601749	0	2904349
199.350000	0	4601655	0	2904391
199.500000	0	4601766	0	2904301
199.650000	0	4601576	0	2904532
199.800000	0	4601638	0	2904161
199.950000	0	4601554	0	2904256
200.100000	0	4601706	0	2904364
200.250000	0	4601741	0	2904216
200.400000	0	4601743	0	2904425
200.550000	0	4601577	0	2904494
200.700000	0	4601880	0	2904438
200.850000	0	4601852	0	2904402
201.000000	0	4601566	0	2904390
201.150000	0	4601770	0	2904345
201.300000	0	4601603	0	2904509
201.450000	0	4601752	0	2904447
201.600000	0	4601677	0	2904613
201.750000	0	4601587	0	2904398
201.900000	0	4601674	0	2904187
202.050000	0	4601679	0	2904364
202.200000	0	4601691	0	2904370
202.350000	0	4601658	0	2904326
202.500000	0	4601736	0	2904246
202.650000	0	4601722	0	2904553
202.800000	0	4601664	0	2904363
202.950000	0	4601636	0	2904339
203.100000	0	4601422	0	2904597
203.250000	0	4601772	0	2904408
203.400000	0	4601783	0	2904399
203.550000	0	4601622	0	2904257
203.700000	0	4601713	0	2904499
203.850000	0	4601801	0	2904289
204.000000	0	4601626	0	2904368
204.150000	0	4601678	0	2904355
204.300000	0	4601656	0	2904209
204.450000	0	4601751	0	2904406
204.600000	0	4601774	0	2904412
204.750000	0	4601644	0	2904367
204.900000	0	4601756	0	2904559
205.050000	0	4601585	0	2904156
205.200000	0	4601856	0	2904382
205.350000	0	4601838	0	2904140
205.500000	0	4601760	0	2904517
205.650000	0	4601666	0	2904225
205.800000	0	4601588	0	2904557
205.950000	0	4601674	0	2904328
206.100000	0	4601696	0	2904255
206.250000	0	4601724	0	2904438
206.400000	0	4601612	0	2904255
206.550000	0	4601820	0	2904269
206.700000	0	4601902	0	2904700
206.850000	0	4601770	0	2904208
207.000000	0	4601768	0	2904316
207.150000	0	4601717	0	2904214
207.300000	0	4601641	0	2904282
207.450000	0	4601850	0	2904473
207.600000	0	4601751	0	2904649
207.750000	0	4601702	0	2904725
207.900000	0	4601937	0	2904384
208.050000	0	4601644	0	2904346
208.200000	0	4601576	0	2904545
208.350000	0	4601521	0	2904320
208.500000	0	4601665	0	2904278
208.650000	0	4601771	0	2904351
208.800000	0	4601888	0	2904171
208.950000	0	4601741	0	2904498
209.100000	0	4601887	0	2904475
209.250000	0	4601509	0	2904249
209.400000	0	4601741	0	2904389
209.550000	0	4601729	0	2904525
209.700000	0	4601685	0	2904519
209.850000	0	4601737	0	2904359
210.000000	0	4601755	0	2904409
210.150000	0	4601553	0	2904600
210.300000	0	4601813	0	2904498
210.450000	0	4601686	0	2904581
210.600000	0	4601722	0	2904368
210.750000	0	4601682	0	2904123
210.900000	0	4601655	0	2904359
211.050000	0	4601777	0	2904063
211.200000	0	4601675	0	2904216
211.350000	0	4601678	0	2904204
211.500000	0	4601742	0	2904530
211.650000	0	4601545	0	2904527
211.800000	0	4601707	0	2904331
211.950000	0	4601550	0	2904505
212.100000	0	4601744	0	2904167
212.250000	0	4601728	0	2904760
212.400000	0	4601754	0	2904529
212.550000	0	4601771	0	2904371
212.700000	0	4601762	0	2904192
212.850000	0	4601729	0	2904160
213.000000	0	4601781	0	2904359
213.150000	0	4601652	0	2904132
213.300000	0	4601697	0	2904403
213.450000	0	4601788	0	2904226
213.600000	0	4601872	0	2904133
213.750000	0	4601682	0	2903994
213.900000	0	4601776	0	2904124
214.050000	0	4601647	0	2904528
214.200000	0	4601572	0	2904418
214.350000	0	4601662	0	2904469
214.500000	0	4601559	0	2904420
214.650000	0	4601601	0	2904323
214.800000	0	4601718	0	2904639
214.950000	0	4601836	0	2904043
215.100000	0	4601655	0	2904190
215.250000	0	4601614	0	2904593
215.400000	0	4601557	0	2904387
215.550000	0	4601702	0	2904592
215.700000	0	4601686	0	2904355
215.850000	0	4601693	0	2904324
216.000000	0	4601772	0	2904371
216.150000	0	4601701	0	2904506
216.300000	0	4601746	0	2904311
216.450000	0	4601444	0	2904240
216.600000	0	4601779	0	2904280
216.750000	0	4601713	0	2904285
216.900000	0	4601565	0	2904175
217.050000	0	4601636	0	2904241
217.200000	0	4601484	0	2904383
217.350000	0	4601664	0	2904186
217.500000	0	4601623	0	2904320
217.650000	0	4601847	0	2904437
217.800000	0	4601630	0	2904178
217.950000	0	4601708	0	2904115
218.100000	0	4601646	0	2904640
218.250000	0	4601754	0	2904246
218.400000	0	4601768	0	2904326
218.550000	0	4601695	0	2904517
218.700000	0	4601720	0	2904375
218.850000	0	4601765	0	2904193
219.000000	0	4601715	0	2904284
219.150000	0	4601512	0	2904369
219.300000	0	4601821	0	2904449
219.450000	0	4601528	0	2904344
219.600000	0	4601587	0	2904302
219.750000	0	4601748	0	2904259
219.900000	0	4601516	0	2904295
220.050000	0	4601782	0	2904176
220.200000	0	4601630	0	2904388
220.350000	0	4601951	0	2904163
220.500000	0	4601800	0	2904195
220.650000	0	4601561	0	2904261
220.800000	0	4601726	0	2904101
220.950000	0	4601663	0	2904518
221.100000	0	4601587	0	2904089
221.250000	0	4601619	0	2904595
221.400000	0	4601725	0	2904539
221.550000	0	4601559	0	2904635
221.700000	0	4601748	0	2904382
221.850000	0	4601700	0	2904908
222.000000	0	4601816	0	2904784
222.150000	0	4601653	0	2904558
222.300000	0	4601536	0	2904405
222.450000	0	4601688	0	2904259
222.600000	0	4601677	0	2904404
222.750000	0	4601893	0	2904109
222.900000	0	4601559	0	2904097
223.050000	0	4601712	0	2904326
223.200000	0	4601565	0	2904408
223.350000	0	4601655	0	2904316
223.500000	0	4601594	0	2904483
223.650000	0	4601543	0	2904166
223.800000	0	4601590	0	2904468
223.950000	0	4601678	0	2904560
224.100000	0	4601694	0	2903966
224.250000	0	4601667	0	2904314
224.400000	0	4601614	0	2904563
224.550000	0	4601522	0	2904355
224.700000	0	4601736	0	2904337
224.850000	0	4601739	0	2904312
225.000000	0	4601786	0	2904468
225.150000	0	4601418	0	2904184
225.300000	0	4601623	0	2904337
225.450000	0	4601790	0	2904347
225.600000	0	4601559	0	2904465
225.750000	0	4601820	0	2904312
225.900000	0	4601645	0	2904550
226.050000	0	4601579	0	2904033
226.200000	0	4601665	0	2904483
226.350000	0	4601734	0	2904498
226.500000	0	4601746	0	2904344
226.650000	0	4601881	0	2904478
226.800000	0	4601687	0	2904650
226.950000	0	4601838	0	2904266
227.100000	0	4601658	0	2904366
227.250000	0	4601769	0	2904294
227.400000	0	4601710	0	2904183
227.550000	0	4601652	0	2904396
227.700000	0	4601813	0	2904473
227.850000	0	4601838	0	2904478
228.000000	0	4601554	0	2904397
228.150000	0	4601753	0	2904414
228.300000	0	4601708	0	2904265
228.450000	0	4601689	0	2904323
228.600000	0	4601760	0	2904376
228.750000	0	4601928	0	2904346
228.900000	0	4601623	0	2904463
229.050000	0	4601685	0	2904449
229.200000	0	4601560	0	2904292
229.350000	0	4601670	0	2904277
229.500000	0	4601681	0	2904776
229.650000	0	4601788	0	2904437
229.800000	0	4601472	0	2904317
229.950000	0	4601931	0	2904238
230.100000	0	4601625	0	2904124
230.250000	0	4601736	0	2904510
230.400000	0	4601694	0	2904329
230.550000	0	4601684	0	2904389
230.700000	0	4601661	0	2904475
230.850000	0	4601904	0	2904528
231.000000	0	4601658	0	2904410
231.150000	0	4601586	0	2904151
231.300000	0	4601818	0	2904558
231.450000	0	4601761	0	2904394
231.600000	0	4601626	0	2904448
231.750000	0	4601648	0	2904189
231.900000	0	4601531	0	2904177
232.050000	0	4601730	0	2904229
232.200000	0	4601681	0	2904452
232.350000	0	4601690	0	2904428
232.500000	0	4601716	0	2904447
232.650000	0	4601703	0	2904316
232.800000	0	4601831	0	2904521
232.950000	0	4601739	0	2904666
233.100000	0	4601588	0	2904390
233.250000	0	4601622	0	2904111
233.400000	0	4601651	0	2904379
233.550000	0	4601641	0	2904480
233.700000	0	4601950	0	2904591
233.850000	0	4601795	0	2904416
234.000000	0	4601785	0	2904220
234.150000	0	4601756	0	2904559
234.300000	0	4601853	0	2904432
234.450000	0	4601803	0	2904483
234.600000	0	4601627	0	2904334
234.750000	0	4601579	0	2904188
234.900000	0	4601789	0	2904194
235.050000	0	4601643	0	2904482
235.200000	0	4601576	0	2904174
235.350000	0	4601619	0	2904257
235.500000	0	4601557	0	2904457
235.650000	0	4601668	0	2904305
235.800000	0	4601680	0	2904513
235.950000	0	4601751	0	2904457
236.100000	0	4601589	0	2904487
236.250000	0	4601822	0	2904309
236.400000	0	4601699	0	2904052
236.550000	0	4601576	0	2904209
236.700000	0	4601608	0	2904210
236.850000	0	4601594	0	2904604
237.000000	0	4601680	0	2904271
237.150000	0	4601639	0	2904462
237.300000	0	4601616	0	2904276
237.450000	0	4601652	0	2904487
237.600000	0	4601667	0	2904506
237.750000	0	4601858	0	2904394
237.900000	0	4601565	0	2904294
238.050000	0	4601665	0	2904556
238.200000	0	4601777	0	2904511
238.350000	0	4601647	0	2904397
238.500000	0	4601644	0	2904526
238.650000	0	4601767	0	2904256
238.800000	0	4601655	0	2904349
238.950000	0	4601811	0	2904304
239.100000	0	4601782	0	2904194
239.250000	0	4601728	0	2904583
239.400000	0	4601674	0	2904392
239.550000	0	4601502	0	2904372
239.700000	0	4601873	0	2904598
239.850000	0	4601759	0	2904648
240.000000	0	4601676	0	2904564
240.150000	0	4601734	0	2904543
240.300000	0	4601565	0	2904437
240.450000	0	4601777	0	2904511
240.600000	0	4601598	0	2904177
240.750000	0	4601673	0	2904495
240.900000	0	4601685	0	2904343
241.050000	0	4601884	0	2904350
241.200000	0	4601665	0	2904636
241.350000	0	4601566	0	2904161
241.500000	0	4601411	0	2904371
241.650000	0	4601749	0	2904243
241.800000	0	4601509	0	2904338
241.950000	0	4601716	0	2904391
242.100000	0	4601657	0	2904128
242.250000	0	4601674	0	2904344
242.400000	0	4601664	0	2904492
242.550000	0	4601730	0	2904539
242.700000	0	4601708	0	2904489
242.850000	0	4601521	0	2904514
243.000000	0	4601535	0	2904399
243.150000	0	4601787	0	2904404
243.300000	0	4601633	0	2904050
243.450000	0	4601534	0	2904573
243.600000	0	4601592	0	2904165
243.750000	0	4601542	0	2904414
243.900000	0	4601679	0	2904302
244.050000	0	4601581	0	2904576
244.200000	0	4601565	0	2904780
244.350000	0	4601736	0	2904072
244.500000	0	4601529	0	2904317
244.650000	0	4601562	0	2904333
244.800000	0	4601601	0	2904169
244.950000	0	4601704	0	2904255
245.100000	0	4601623	0	2903906
245.250000	0	4601596	0	2904278
245.400000	0	4601675	0	2904347
245.550000	0	4601776	0	2904491
245.700000	0	4601666	0	2904093
245.850000	0	4601654	0	2904173
246.000000	0	4601654	0	2904364
246.150000	0	4601507	0	2904232
246.300000	0	4601852	0	2904405
246.450000	0	4601764	0	2904394
246.600000	0	4601561	0	2904449
246.750000	0	4601661	0	2904265
246.900000	0	4601734	0	2904532
247.050000	0	4601717	0	2904421
247.200000	0	4601722	0	2904299
247.350000	0	4601729	0	2904302
247.500000	0	4601736	0	2904554
247.650000	0	4601631	0	2904469
247.800000	0	4601649	0	2904504
247.950000	0	4601577	0	2904378
248.100000	0	4601639	0	2904122
248.250000	0	4601624	0	2904485
248.400000	0	4601545	0	2904416
248.550000	0	4601705	0	2904133
248.700000	0	4601548	0	2904729
248.850000	0	4601721	0	2904225
249.000000	0	4601573	0	2904257
249.150000	0	4601794	0	2904188
249.300000	0	4601615	0	2904331
249.450000	0	4601556	0	2904323
249.600000	0	4601537	0	2904199
249.750000	0	4601517	0	2904244
249.900000	0	4601570	0	2904211
250.050000	0	4601721	0	2904278
250.200000	0	4601611	0	2904450
250.350000	0	4601384	0	2904295
250.500000	0	4601618	0	2904158
250.650000	0	4601723	0	2904421
250.800000	0	4601622	0	2904487
250.950000	0	4601799	0	2904265
251.100000	0	4601605	0	2904384
251.250000	0	4601707	0	2904220
251.400000	0	4601589	0	2904368
251.550000	0	4601606	0	2904501
251.700000	0	4601690	0	2903973
251.850000	0	4601639	0	2904384
252.000000	0	4601566	0	2904484
252.150000	0	4601811	0	2904413
252.300000	0	4601604	0	2904079
252.450000	0	4601689	0	2904339
252.600000	0	4601903	0	2904421
252.750000	0	4601587	0	2904334
252.900000	0	4601527	0	2904349
253.050000	0	4601664	0	2904711
253.200000	0	4601754	0	2904331
253.350000	0	4601656	0	2904567
253.500000	0	4601604	0	2903999
253.650000	0	4601816	0	2904316
253.800000	0	4601739	0	2904586
253.950000	0	4601504	0	2904412
254.100000	0	4601713	0	2904357
254.250000	0	4601483	0	2904528
254.400000	0	4601639	0	2904319
254.550000	0	4601553	0	2904259
254.700000	0	4601401	0	2904404
254.850000	0	4601544	0	2904347
255.000000	0	4601689	0	2904557
255.150000	0	4601506	0	2904422
255.300000	0	4601497	0	2904259
255.450000	0	4601600	0	2904313
255.600000	0	4601667	0	2904619
255.750000	0	4601629	0	2904508
255.900000	0	4601652	0	2904226
256.050000	0	4601439	0	2904324
256.200000	0	4601571	0	2904243
256.350000	0	4601354	0	2904408
256.500000	0	4601521	0	2904180
256.650000	0	4601478	0	2904360
256.800000	0	4601673	0	2904399
256.950000	0	4601753	0	2904278
257.100000	0	4601523	0	2904211
257.250000	0	4601686	0	2904350
257.400000	0	4601552	0	2904230
257.550000	0	4601663	0	2904634
257.700000	0	4601679	0	2904242
257.850000	0	4601579	0	2904312
258.000000	0	4601700	0	2904370
258.150000	0	4601635	0	2904344
258.300000	0	4601697	0	2904421
258.450000	0	4601705	0	2904254
258.600000	0	4601760	0	2904484
258.750000	0	4601639	0	2904169
258.900000	0	4601716	0	2904127
259.050000	0	4601596	0	2904187
259.200000	0	4601613	0	2904229
259.350000	0	4601548	0	2904132
259.500000	0	4601679	0	2904204
259.650000	0	4601572	0	2904026
259.800000	0	4601606	0	2904067
259.950000	0	4601503	0	2904494
260.100000	0	4601591	0	2904227
260.250000	0	4601515	0	2904302
260.400000	0	4601722	0	2904219
260.550000	0	4601642	0	2904408
260.700000	0	4601575	0	2904713
260.850000	0	4601635	0	2904422
261.000000	0	4601449	0	2904270
261.150000	0	4601451	0	2904151
261.300000	0	4601603	0	2903983
261.450000	0	4601683	0	2904386
261.600000	0	4601614	0	2904264
261.750000	0	4601599	0	2904022
261.900000	0	4601789	0	2904519
262.050000	0	4601599	0	2904181
262.200000	0	4601798	0	2904205
262.350000	0	4601606	0	2904417
262.500000	0	4601613	0	2904489
262.650000	0	4601621	0	2904201
262.800000	0	4601621	0	2904334
262.950000	0	4601546	0	2904499
263.100000	0	4601571	0	2904264
263.250000	0	4601619	0	2904404
263.400000	0	4601553	0	2904328
263.550000	0	4601622	0	2904331
263.700000	0	4601680	0	2904722
263.850000	0	4601798	0	2904100
264.000000	0	4601593	0	2904501
264.150000	0	4601479	0	2904420
264.300000	0	4601592	0	2904338
264.450000	0	4601662	0	2903984
264.600000	0	4601678	0	2904128
264.750000	0	4601622	0	2904531
264.900000	0	4601579	0	2904347
265.050000	0	4601596	0	2904270
265.200000	0	4601706	0	2904162
265.350000	0	4601347	0	2904447
265.500000	0	4601631	0	2904519
265.650000	0	4601750	0	2904294
265.800000	0	4601725	0	2904542
265.950000	0	4601653	0	2904295
266.100000	0	4601689	0	2904422
266.250000	0	4601853	0	2904431
266.400000	0	4601654	0	2904282
266.550000	0	4601623	0	2904014
266.700000	0	4601734	0	2904091
266.850000	0	4601652	0	2904173
267.000000	0	4601822	0	2904118
267.150000	0	4601623	0	2904361
267.300000	0	4601581	0	2904515
267.450000	0	4601688	0	2904375
267.600000	0	4601583	0	2904519
267.750000	0	4601712	0	2904417
267.900000	0	4601596	0	2904240
268.050000	0	4601699	0	2904235
268.200000	0	4601797	0	2904383
268.350000	0	4601613	0	2904119
268.500000	0	4601551	0	2904248
268.650000	0	4601521	0	2904284
268.800000	0	4601657	0	2904239
268.950000	0	4601727	0	2904559
269.100000	0	4601497	0	2904369
269.250000	0	4601636	0	2904477
269.400000	0	4601500	0	2904591
269.550000	0	4601502	0	2904360
269.700000	0	4601552	0	2904367
269.850000	0	4601694	0	2904456
270.000000	0	4601666	0	2904412
