Seconds	CHNL0_Start	CHNL0_End	CHNL1_Start	CHNL1_End
0.150000	0	3315342	0	2109026
0.300000	0	3316566	0	2109769
0.450000	0	3316413	0	2109898
0.600000	0	3316568	0	2109923
0.750000	0	3316448	0	2109713
0.900000	0	3316498	0	2109574
1.050000	0	3316594	0	2109713
1.200000	0	3316555	0	2109838
1.350000	0	3316615	0	2109704
1.500000	0	3316521	0	2109763
1.650000	0	3316514	0	2109644
1.800000	0	3316475	0	2109846
1.950000	0	3316569	0	2109826
2.100000	0	3316480	0	2109831
2.250000	0	3316492	0	2109899
2.400000	0	3316586	0	2109914
2.550000	0	3316502	0	2109746
2.700000	0	3316395	0	2109755
2.850000	0	3316449	0	2109717
3.000000	0	3316454	0	2109982
3.150000	0	3316481	0	2109971
3.300000	0	3316615	0	2109897
3.450000	0	3316505	0	2109749
3.600000	0	3316633	0	2109852
3.750000	0	3316473	0	2109714
3.900000	0	3316535	0	2109801
4.050000	0	3316475	0	2110027
4.200000	0	3316468	0	2109753
4.350000	0	3316493	0	2109527
4.500000	0	3316566	0	2109762
4.650000	0	3316607	0	2109879
4.800000	0	3316622	0	2109683
4.950000	0	3316519	0	2109766
5.100000	0	3316475	0	2109899
5.250000	0	3316481	0	2109646
5.400000	0	3316357	0	2109948
5.550000	0	3316519	0	2109676
5.700000	0	3316568	0	2109860
5.850000	0	3316320	0	2109629
6.000000	0	3316533	0	2109812
6.150000	0	3316593	0	2109693
6.300000	0	3316404	0	2109704
6.450000	0	3316440	0	2109600
6.600000	0	3316383	0	2109725
6.750000	0	3316478	0	2109765
6.900000	0	3316302	0	2109956
7.050000	0	3316524	0	2109647
7.200000	0	3316501	0	2109638
7.350000	0	3316529	0	2109903
7.500000	0	3316360	0	2109805
7.650000	0	3316492	0	2109312
7.800000	0	3316474	0	2109575
7.950000	0	3316539	0	2109711
8.100000	0	3316415	0	2109816
8.250000	0	3316327	0	2109737
8.400000	0	3316538	0	2109490
8.550000	0	3316470	0	2109657
8.700000	0	3316511	0	2109552
8.850000	0	3316493	0	2109768
9.000000	0	3316593	0	2109908
9.150000	0	3316592	0	2109930
9.300000	0	3316395	0	2109658
9.450000	0	3316550	0	2109643
9.600000	0	3316563	0	2109863
9.750000	0	3316482	0	2109765
9.900000	0	3316566	0	2109675
10.050000	0	3316502	0	2109715
10.200000	0	3316432	0	2109790
10.350000	0	3316523	0	2109772
10.500000	0	3316605	0	2109579
10.650000	0	3316600	0	2109641
10.800000	0	3316703	0	2109769
10.950000	0	3316545	0	2109785
11.100000	0	3316558	0	2110019
11.250000	0	3316550	0	2109797
11.400000	0	3316585	0	2109801
11.550000	0	3316416	0	2109600
11.700000	0	3316469	0	2109663
11.850000	0	3316550	0	2109805
12.000000	0	3316698	0	2109590
12.150000	0	3316450	0	2109855
12.300000	0	3316500	0	2109718
12.450000	0	3316545	0	2110026
12.600000	0	3316436	0	2109645
12.750000	0	3316617	0	2109391
12.900000	0	3316335	0	2109736
13.050000	0	3316596	0	2109664
13.200000	0	3316494	0	2109818
13.350000	0	3316522	0	2109890
13.500000	0	3316576	0	2109962
13.650000	0	3316513	0	2109537
13.800000	0	3316565	0	2110026
13.950000	0	3316485	0	2109515
14.100000	0	3316585	0	2109626
14.250000	0	3316512	0	2109749
14.400000	0	3316362	0	2109704
14.550000	0	3316530	0	2109556
14.700000	0	3316389	0	2109910
14.850000	0	3316534	0	2109646
15.000000	0	3316437	0	2109613
15.150000	0	3316420	0	2109695
15.300000	0	3316369	0	2109610
15.450000	0	3316302	0	2109784
15.600000	0	3316448	0	2109700
15.750000	0	3316491	0	2109719
15.900000	0	3316469	0	2109656
16.050000	0	3316448	0	2109715
16.200000	0	3316591	0	2109648
16.350000	0	3316406	0	2109745
16.500000	0	3316524	0	2109741
16.650000	0	3316547	0	2109620
16.800000	0	3316591	0	2109759
16.950000	0	3316667	0	2109880
17.100000	0	3316422	0	2109773
17.250000	0	3316356	0	2109695
17.400000	0	3316398	0	2109769
17.550000	0	3316352	0	2109504
17.700000	0	3316670	0	2109808
17.850000	0	3316479	0	2109700
18.000000	0	3316604	0	2109711
18.150000	0	3316560	0	2109795
18.300000	0	3316584	0	2109814
18.450000	0	3316404	0	2109605
18.600000	0	3316639	0	2109916
18.750000	0	3316498	0	2109964
18.900000	0	3316618	0	2109854
19.050000	0	3316684	0	2109765
19.200000	0	3316353	0	2109630
19.350000	0	3316573	0	2109819
19.500000	0	3316710	0	2109651
19.650000	0	3316615	0	2109958
19.800000	0	3316563	0	2109639
19.950000	0	3316572	0	2109919
20.100000	0	3316551	0	2109893
20.250000	0	3316617	0	2109741
20.400000	0	3316666	0	2109902
20.550000	0	3316561	0	2109786
20.700000	0	3316408	0	2109679
20.850000	0	3316591	0	2109719
21.000000	0	3316644	0	2109794
21.150000	0	3316700	0	2109638
21.300000	0	3316506	0	2109961
21.450000	0	3316708	0	2109680
21.600000	0	3316707	0	2109732
21.750000	0	3316554	0	2109840
21.900000	0	3316441	0	2109717
22.050000	0	3316561	0	2109722
22.200000	0	3316667	0	2109520
22.350000	0	3316589	0	2109834
22.500000	0	3316610	0	2109630
22.650000	0	3316665	0	2109726
22.800000	0	3316457	0	2109776
22.950000	0	3316657	0	2109777
23.100000	0	3316697	0	2109724
23.250000	0	3316629	0	2109716
23.400000	0	3316305	0	2109902
23.550000	0	3316326	0	2109892
23.700000	0	3316645	0	2109668
23.850000	0	3316614	0	2109740
24.000000	0	3316573	0	2109526
24.150000	0	3316721	0	2109850
24.300000	0	3316589	0	2109584
24.450000	0	3316620	0	2110034
24.600000	0	3316572	0	2109668
24.750000	0	3316665	0	2109881
24.900000	0	3316612	0	2109905
25.050000	0	3316506	0	2109927
25.200000	0	3316498	0	2109648
25.350000	0	3316528	0	2109586
25.500000	0	3316649	0	2109604
25.650000	0	3316616	0	2109948
25.800000	0	3316838	0	2109697
25.950000	0	3316626	0	2109766
26.100000	0	3316666	0	2109596
26.250000	0	3316584	0	2109932
26.400000	0	3316609	0	2109880
26.550000	0	3316692	0	2109754
26.700000	0	3316622	0	2109923
26.850000	0	3316630	0	2109837
27.000000	0	3316520	0	2109780
27.150000	0	3316767	0	2109652
27.300000	0	3316591	0	2109871
27.450000	0	3316520	0	2110167
27.600000	0	3316665	0	2110014
27.750000	0	3316613	0	2109795
27.900000	0	3316747	0	2109827
28.050000	0	3316625	0	2109750
28.200000	0	3316560	0	2109826
28.350000	0	3316692	0	2109611
28.500000	0	3316585	0	2109786
28.650000	0	3316720	0	2109833
28.800000	0	3316605	0	2109738
28.950000	0	3316626	0	2109764
29.100000	0	3316752	0	2109730
29.250000	0	3316541	0	2109757
29.400000	0	3316749	0	2109684
29.550000	0	3316509	0	2109823
29.700000	0	3316485	0	2109593
29.850000	0	3316496	0	2109768
30.000000	0	3316707	0	2109836
30.150000	0	3316573	0	2109451
30.300000	0	3316591	0	2109825
30.450000	0	3316587	0	2109885
30.600000	0	3316682	0	2110004
30.750000	0	3316697	0	2109940
30.900000	0	3316689	0	2109979
31.050000	0	3316671	0	2109789
31.200000	0	3316615	0	2109791
31.350000	0	3316554	0	2109912
31.500000	0	3316721	0	2110113
31.650000	0	3316723	0	2109850
31.800000	0	3316575	0	2109619
31.950000	0	3316692	0	2109966
32.100000	0	3316674	0	2109964
32.250000	0	3316550	0	2109945
32.400000	0	3316669	0	2109829
32.550000	0	3316622	0	2109827
32.700000	0	3316626	0	2109834
32.850000	0	3316606	0	2109880
33.000000	0	3316682	0	2110071
33.150000	0	3316724	0	2109375
33.300000	0	3316621	0	2109587
33.450000	0	3316663	0	2109801
33.600000	0	3316683	0	2109960
33.750000	0	3316600	0	2109674
33.900000	0	3316679	0	2109729
34.050000	0	3316585	0	2110068
34.200000	0	3316473	0	2110038
34.350000	0	3316626	0	2109993
34.500000	0	3316458	0	2109626
34.650000	0	3316603	0	2109865
34.800000	0	3316716	0	2109853
34.950000	0	3316712	0	2110067
35.100000	0	3316549	0	2109894
35.250000	0	3316872	0	2110024
35.400000	0	3316691	0	2110007
35.550000	0	3316778	0	2109906
35.700000	0	3316627	0	2109993
35.850000	0	3316626	0	2109897
36.000000	0	3316662	0	2109741
36.150000	0	3316676	0	2109839
36.300000	0	3316823	0	2109870
36.450000	0	3316682	0	2109809
36.600000	0	3316608	0	2109938
36.750000	0	3316598	0	2109863
36.900000	0	3316734	0	2109703
37.050000	0	3316799	0	2110000
37.200000	0	3316698	0	2109921
37.350000	0	3316779	0	2109635
37.500000	0	3316636	0	2109978
37.650000	0	3316562	0	2110107
37.800000	0	3316534	0	2109840
37.950000	0	3316464	0	2109822
38.100000	0	3316699	0	2109898
38.250000	0	3316692	0	2109976
38.400000	0	3316504	0	2109844
38.550000	0	3316729	0	2109847
38.700000	0	3316728	0	2109752
38.850000	0	3316624	0	2109623
39.000000	0	3316812	0	2109679
39.150000	0	3316602	0	2110100
39.300000	0	3316631	0	2109820
39.450000	0	3316767	0	2109949
39.600000	0	3316723	0	2110064
39.750000	0	3316683	0	2109561
39.900000	0	3316698	0	2109785
40.050000	0	3316799	0	2109680
40.200000	0	3316863	0	2109915
40.350000	0	3316743	0	2109943
40.500000	0	3316601	0	2109990
40.650000	0	3316673	0	2109673
40.800000	0	3316614	0	2109775
40.950000	0	3316621	0	2109844
41.100000	0	3316694	0	2109651
41.250000	0	3316692	0	2109879
41.400000	0	3316707	0	2110085
41.550000	0	3316746	0	2109737
41.700000	0	3316698	0	2109960
41.850000	0	3316571	0	2109444
42.000000	0	3316636	0	2109766
42.150000	0	3316613	0	2110033
42.300000	0	3316516	0	2109930
42.450000	0	3316811	0	2109978
42.600000	0	3316598	0	2109510
42.750000	0	3316453	0	2110013
42.900000	0	3316533	0	2109747
43.050000	0	3316604	0	2109771
43.200000	0	3316645	0	2109790
43.350000	0	3316643	0	2109773
43.500000	0	3316737	0	2110021
43.650000	0	3316688	0	2109876
43.800000	0	3316614	0	2109858
43.950000	0	3316642	0	2109871
44.100000	0	3316660	0	2109602
44.250000	0	3316603	0	2109869
44.400000	0	3316617	0	2109637
44.550000	0	3316631	0	2109774
44.700000	0	3316856	0	2109777
44.850000	0	3316597	0	2109765
45.000000	0	3316575	0	2109795
45.150000	0	3316658	0	2109985
45.300000	0	3316516	0	2109884
45.450000	0	3316605	0	2109704
45.600000	0	3316745	0	2109584
45.750000	0	3316753	0	2109927
45.900000	0	3316670	0	2109911
46.050000	0	3316761	0	2109888
46.200000	0	3316696	0	2109967
46.350000	0	3316721	0	2109740
46.500000	0	3316732	0	2109808
46.650000	0	3316725	0	2109710
46.800000	0	3316586	0	2109730
46.950000	0	3316443	0	2110067
47.100000	0	3316672	0	2109724
47.250000	0	3316568	0	2109822
47.400000	0	3316695	0	2109652
47.550000	0	3316440	0	2109913
47.700000	0	3316507	0	2109775
47.850000	0	3316551	0	2109681
48.000000	0	3316635	0	2109629
48.150000	0	3316589	0	2109905
48.300000	0	3316704	0	2109987
48.450000	0	3316494	0	2109782
48.600000	0	3316639	0	2109802
48.750000	0	3316569	0	2109776
48.900000	0	3316616	0	2109718
49.050000	0	3316631	0	2109704
49.200000	0	3316426	0	2109982
49.350000	0	3316668	0	2110046
49.500000	0	3316818	0	2110057
49.650000	0	3316601	0	2109978
49.800000	0	3316699	0	2109752
49.950000	0	3316742	0	2109842
50.100000	0	3316650	0	2109882
50.250000	0	3316614	0	2109815
50.400000	0	3316628	0	2109595
50.550000	0	3316735	0	2109729
50.700000	0	3316537	0	2109761
50.850000	0	3316642	0	2110139
51.000000	0	3316614	0	2109885
51.150000	0	3316668	0	2109869
51.300000	0	3316636	0	2109799
51.450000	0	3316551	0	2109925
51.600000	0	3316690	0	2109757
51.750000	0	3316656	0	2109926
51.900000	0	3316629	0	2109630
52.050000	0	3316489	0	2109822
52.200000	0	3316627	0	2109867
52.350000	0	3316563	0	2109868
52.500000	0	3316603	0	2109942
52.650000	0	3316510	0	2109851
52.800000	0	3316650	0	2109818
52.950000	0	3316736	0	2109901
53.100000	0	3316658	0	2109693
53.250000	0	3316688	0	2109675
53.400000	0	3316591	0	2109987
53.550000	0	3316444	0	2109725
53.700000	0	3316632	0	2109977
53.850000	0	3316837	0	2109756
54.000000	0	3316569	0	2109912
54.150000	0	3316574	0	2110134
54.300000	0	3316598	0	2109832
54.450000	0	3316744	0	2109666
54.600000	0	3316523	0	2109935
54.750000	0	3316490	0	2109893
54.900000	0	3316531	0	2109898
55.050000	0	3316605	0	2109643
55.200000	0	3316580	0	2109893
55.350000	0	3316688	0	2109767
55.500000	0	3316608	0	2109632
55.650000	0	3316712	0	2109828
55.800000	0	3316740	0	2109738
55.950000	0	3316531	0	2109787
56.100000	0	3316663	0	2109601
56.250000	0	3316662	0	2109772
56.400000	0	3316493	0	2109886
56.550000	0	3316676	0	2109724
56.700000	0	3316594	0	2109644
56.850000	0	3316656	0	2109925
57.000000	0	3316464	0	2109693
57.150000	0	3316512	0	2109716
57.300000	0	3316613	0	2109670
57.450000	0	3316674	0	2109860
57.600000	0	3316626	0	2109543
57.750000	0	3316619	0	2110061
57.900000	0	3316572	0	2109797
58.050000	0	3316496	0	2109869
58.200000	0	3316589	0	2109888
58.350000	0	3316653	0	2109782
58.500000	0	3316573	0	2109862
58.650000	0	3316733	0	2109838
58.800000	0	3316644	0	2109991
58.950000	0	3316542	0	2109980
59.100000	0	3316673	0	2110067
59.250000	0	3316577	0	2109797
59.400000	0	3316702	0	2109702
59.550000	0	3316656	0	2109832
59.700000	0	3316698	0	2109810
59.850000	0	3316575	0	2110040
60.000000	0	3316684	0	2109810
60.150000	0	3316487	0	2109806
60.300000	0	3316669	0	2109720
60.450000	0	3316653	0	2109849
60.600000	0	3316576	0	2110038
60.750000	0	3316504	0	2109793
60.900000	0	3316687	0	2109699
61.050000	0	3316573	0	2109733
61.200000	0	3316607	0	2109917
61.350000	0	3316700	0	2109637
61.500000	0	3316635	0	2109942
61.650000	0	3316581	0	2109664
61.800000	0	3316596	0	2109995
61.950000	0	3316741	0	2109776
62.100000	0	3316717	0	2109602
62.250000	0	3316549	0	2109740
62.400000	0	3316541	0	2109898
62.550000	0	3316682	0	2109745
62.700000	0	3316526	0	2109993
62.850000	0	3316772	0	2109877
63.000000	0	3316719	0	2110061
63.150000	0	3316651	0	2109910
63.300000	0	3316706	0	2109838
63.450000	0	3316579	0	2109591
63.600000	0	3316567	0	2110000
63.750000	0	3316711	0	2109966
63.900000	0	3316481	0	2109666
64.050000	0	3316696	0	2109827
64.200000	0	3316659	0	2109756
64.350000	0	3316704	0	2110010
64.500000	0	3316711	0	2109846
64.650000	0	3316640	0	2109764
64.800000	0	3316617	0	2109780
64.950000	0	3316570	0	2109679
65.100000	0	3316509	0	2109641
65.250000	0	3316427	0	2109979
65.400000	0	3316428	0	2109709
65.550000	0	3316589	0	2109830
65.700000	0	3316429	0	2109481
65.850000	0	3316345	0	2109753
66.000000	0	3316440	0	2109829
66.150000	0	3316534	0	2109540
66.300000	0	3316259	0	2109799
66.450000	0	3316487	0	2109708
66.600000	0	3316395	0	2109777
66.750000	0	3316374	0	2109544
66.900000	0	3316570	0	2109671
67.050000	0	3316463	0	2109594
67.200000	0	3316458	0	2109792
67.350000	0	3316450	0	2109814
67.500000	0	3316529	0	2109808
67.650000	0	3316635	0	2109716
67.800000	0	3316330	0	2109662
67.950000	0	3316577	0	2109967
68.100000	0	3316601	0	2109678
68.250000	0	3316596	0	2109780
68.400000	0	3316361	0	2109933
68.550000	0	3316728	0	2109995
68.700000	0	3316568	0	2109583
68.850000	0	3316388	0	2109701
69.000000	0	3316433	0	2109880
69.150000	0	3316619	0	2109795
69.300000	0	3316451	0	2109611
69.450000	0	3316537	0	2109588
69.600000	0	3316477	0	2109609
69.750000	0	3316358	0	2109825
69.900000	0	3316586	0	2109801
70.050000	0	3316670	0	2109795
70.200000	0	3316517	0	2109735
70.350000	0	3316571	0	2109696
70.500000	0	3316433	0	2109939
70.650000	0	3316503	0	2109582
70.800000	0	3316583	0	2109834
70.950000	0	3316452	0	2109758
71.100000	0	3316435	0	2109743
71.250000	0	3316370	0	2109646
71.400000	0	3316571	0	2109786
71.550000	0	3316607	0	2109750
71.700000	0	3316559	0	2109737
71.850000	0	3316447	0	2109834
72.000000	0	3316406	0	2109558
72.150000	0	3316539	0	2109785
72.300000	0	3316511	0	2109833
72.450000	0	3316516	0	2109906
72.600000	0	3316568	0	2110020
72.750000	0	3316520	0	2109896
72.900000	0	3316431	0	2109666
73.050000	0	3316547	0	2109660
73.200000	0	3316456	0	2109794
73.350000	0	3316478	0	2109866
73.500000	0	3316587	0	2109721
73.650000	0	3316540	0	2109747
73.800000	0	3316519	0	2109677
73.950000	0	3316657	0	2109862
74.100000	0	3316529	0	2109822
74.250000	0	3316383	0	2109538
74.400000	0	3316462	0	2109781
74.550000	0	3316455	0	2109814
74.700000	0	3316540	0	2109698
74.850000	0	3316551	0	2109798
75.000000	0	3316407	0	2109798
75.150000	0	3316619	0	2109578
75.300000	0	3316556	0	2109620
75.450000	0	3316580	0	2109743
75.600000	0	3316610	0	2109867
75.750000	0	3316566	0	2109733
75.900000	0	3316617	0	2109798
76.050000	0	3316553	0	2109706
76.200000	0	3316722	0	2109782
76.350000	0	3316704	0	2109527
76.500000	0	3316505	0	2109759
76.650000	0	3316491	0	2109630
76.800000	0	3316548	0	2109899
76.950000	0	3316565	0	2109783
77.100000	0	3316542	0	2109933
77.250000	0	3316604	0	2110006
77.400000	0	3316396	0	2109631
77.550000	0	3316503	0	2109919
77.700000	0	3316574	0	2109583
77.850000	0	3316492	0	2109620
78.000000	0	3316414	0	2109903
78.150000	0	3316514	0	2109743
78.300000	0	3316398	0	2109848
78.450000	0	3316588	0	2109767
78.600000	0	3316479	0	2109672
78.750000	0	3316621	0	2109761
78.900000	0	3316545	0	2109754
79.050000	0	3316405	0	2109544
79.200000	0	3316445	0	2109879
79.350000	0	3316298	0	2109762
79.500000	0	3316494	0	2109595
79.650000	0	3316594	0	2109704
79.800000	0	3316537	0	2109711
79.950000	0	3316435	0	2109619
80.100000	0	3316616	0	2109746
80.250000	0	3316580	0	2109776
80.400000	0	3316443	0	2109799
80.550000	0	3316596	0	2109976
80.700000	0	3316492	0	2109686
80.850000	0	3316523	0	2109586
81.000000	0	3316569	0	2109817
81.150000	0	3316616	0	2109955
81.300000	0	3316639	0	2109803
81.450000	0	3316551	0	2109709
81.600000	0	3316536	0	2109895
81.750000	0	3316454	0	2109739
81.900000	0	3316481	0	2110105
82.050000	0	3316441	0	2109679
82.200000	0	3316547	0	2109817
82.350000	0	3316666	0	2109676
82.500000	0	3316548	0	2109864
82.650000	0	3316460	0	2109922
82.800000	0	3316272	0	2109588
82.950000	0	3316679	0	2109696
83.100000	0	3316620	0	2109802
83.250000	0	3316669	0	2109936
83.400000	0	3316503	0	2109826
83.550000	0	3316503	0	2109542
83.700000	0	3316550	0	2109680
83.850000	0	3316653	0	2109824
84.000000	0	3316495	0	2109759
84.150000	0	3316688	0	2109513
84.300000	0	3316514	0	2109999
84.450000	0	3316494	0	2109709
84.600000	0	3316471	0	2109982
84.750000	0	3316716	0	2109704
84.900000	0	3316539	0	2109819
85.050000	0	3316546	0	2109832
85.200000	0	3316534	0	2109896
85.350000	0	3316597	0	2109683
85.500000	0	3316515	0	2109717
85.650000	0	3316655	0	2109782
85.800000	0	3316597	0	2109902
85.950000	0	3316522	0	2109811
86.100000	0	3316587	0	2109753
86.250000	0	3316522	0	2109843
86.400000	0	3316541	0	2109910
86.550000	0	3316531	0	2109744
86.700000	0	3316462	0	2109918
86.850000	0	3316643	0	2109822
87.000000	0	3316560	0	2109877
87.150000	0	3316572	0	2109995
87.300000	0	3316719	0	2109759
87.450000	0	3316566	0	2109798
87.600000	0	3316587	0	2109688
87.750000	0	3316670	0	2109777
87.900000	0	3316630	0	2109904
88.050000	0	3316519	0	2109786
88.200000	0	3316471	0	2110081
88.350000	0	3316504	0	2109713
88.500000	0	3316686	0	2109789
88.650000	0	3316541	0	2109797
88.800000	0	3316482	0	2109722
88.950000	0	3316550	0	2109732
89.100000	0	3316547	0	2109969
89.250000	0	3316532	0	2109745
89.400000	0	3316772	0	2109833
89.550000	0	3316659	0	2109632
89.700000	0	3316516	0	2109730
89.850000	0	3316600	0	2109720
90.000000	0	3316672	0	2109622
90.150000	0	3316616	0	2109645
90.300000	0	3316724	0	2109748
90.450000	0	3316628	0	2109805
90.600000	0	3316624	0	2109632
90.750000	0	3316523	0	2109689
90.900000	0	3316711	0	2109849
91.050000	0	3316527	0	2109989
91.200000	0	3316620	0	2109679
91.350000	0	3316508	0	2109755
91.500000	0	3316475	0	2109587
91.650000	0	3316391	0	2109736
91.800000	0	3316502	0	2109773
91.950000	0	3316688	0	2109696
92.100000	0	3316537	0	2109609
92.250000	0	3316351	0	2109694
92.400000	0	3316366	0	2109716
92.550000	0	3316474	0	2109919
92.700000	0	3316468	0	2109987
92.850000	0	3316507	0	2110081
93.000000	0	3316449	0	2109686
93.150000	0	3316425	0	2109612
93.300000	0	3316529	0	2109680
93.450000	0	3316435	0	2109649
93.600000	0	3316499	0	2109530
93.750000	0	3316395	0	2109670
93.900000	0	3316448	0	2109845
94.050000	0	3316504	0	2109762
94.200000	0	3316731	0	2109765
94.350000	0	3316591	0	2109822
94.500000	0	3316627	0	2109782
94.650000	0	3316425	0	2109735
94.800000	0	3316622	0	2109872
94.950000	0	3316525	0	2109614
95.100000	0	3316548	0	2110017
95.250000	0	3316544	0	2109776
95.400000	0	3316643	0	2109951
95.550000	0	3316597	0	2109784
95.700000	0	3316422	0	2109572
95.850000	0	3316549	0	2109779
96.000000	0	3316540	0	2109858
96.150000	0	3316560	0	2109647
96.300000	0	3316675	0	2109814
96.450000	0	3316726	0	2109947
96.600000	0	3316467	0	2109862
96.750000	0	3316567	0	2109567
96.900000	0	3316506	0	2109786
97.050000	0	3316547	0	2109636
97.200000	0	3316591	0	2109833
97.350000	0	3316500	0	2109927
97.500000	0	3316417	0	2110001
97.650000	0	3316476	0	2109692
97.800000	0	3316584	0	2109684
97.950000	0	3316514	0	2109782
98.100000	0	3316380	0	2109971
98.250000	0	3316565	0	2109477
98.400000	0	3316655	0	2109853
98.550000	0	3316733	0	2109788
98.700000	0	3316685	0	2109736
98.850000	0	3316496	0	2109891
99.000000	0	3316654	0	2109859
99.150000	0	3316507	0	2109888
99.300000	0	3316713	0	2109974
99.450000	0	3316674	0	2109736
99.600000	0	3316538	0	2109949
99.750000	0	3316621	0	2109939
99.900000	0	3316697	0	2109990
100.050000	0	3316661	0	2109968
100.200000	0	3316367	0	2109887
100.350000	0	3316544	0	2109876
100.500000	0	3316523	0	2109924
100.650000	0	3316527	0	2109842
100.800000	0	3316627	0	2109731
100.950000	0	3316506	0	2109778
101.100000	0	3316615	0	2109663
101.250000	0	3316679	0	2109735
101.400000	0	3316721	0	2109970
101.550000	0	3316553	0	2109881
101.700000	0	3316796	0	2109922
101.850000	0	3316583	0	2109576
102.000000	0	3316624	0	2109787
102.150000	0	3316667	0	2109888
102.300000	0	3316554	0	2110115
102.450000	0	3316559	0	2109848
102.600000	0	3316512	0	2109741
102.750000	0	3316520	0	2109778
102.900000	0	3316542	0	2109924
103.050000	0	3316513	0	2109567
103.200000	0	3316593	0	2109948
103.350000	0	3316701	0	2109881
103.500000	0	3316641	0	2109908
103.650000	0	3316634	0	2109738
103.800000	0	3316572	0	2109751
103.950000	0	3316456	0	2109825
104.100000	0	3316520	0	2109755
104.250000	0	3316495	0	2109759
104.400000	0	3316445	0	2109836
104.550000	0	3316575	0	2109943
104.700000	0	3316573	0	2109726
104.850000	0	3316636	0	2109848
105.000000	0	3316598	0	2109866
105.150000	0	3316544	0	2109857
105.300000	0	3316533	0	2109816
105.450000	0	3316834	0	2109907
105.600000	0	3316598	0	2109891
105.750000	0	3316449	0	2109687
105.900000	0	3316445	0	2109558
106.050000	0	3316556	0	2109720
106.200000	0	3316752	0	2109839
106.350000	0	3316679	0	2110035
106.500000	0	3316893	0	2109871
106.650000	0	3316675	0	2110099
106.800000	0	3316451	0	2109710
106.950000	0	3316702	0	2109805
107.100000	0	3316519	0	2109669
107.250000	0	3316547	0	2109806
107.400000	0	3316436	0	2109721
107.550000	0	3316630	0	2109698
107.700000	0	3316579	0	2109924
107.850000	0	3316588	0	2109885
108.000000	0	3316670	0	2109680
108.150000	0	3316580	0	2109913
108.300000	0	3316628	0	2109614
108.450000	0	3316555	0	2109754
108.600000	0	3316629	0	2109744
108.750000	0	3316558	0	2109697
108.900000	0	3316555	0	2109777
109.050000	0	3316675	0	2109864
109.200000	0	3316509	0	2109609
109.350000	0	3316622	0	2109799
109.500000	0	3316659	0	2109750
109.650000	0	3316557	0	2110143
109.800000	0	3316457	0	2109585
109.950000	0	3316504	0	2109734
110.100000	0	3316552	0	2109788
110.250000	0	3316576	0	2110110
110.400000	0	3316551	0	2109628
110.550000	0	3316560	0	2109757
110.700000	0	3316659	0	2109565
110.850000	0	3316616	0	2109819
111.000000	0	3316581	0	2109732
111.150000	0	3316718	0	2110103
111.300000	0	3316449	0	2109783
111.450000	0	3316595	0	2109932
111.600000	0	3316571	0	2109896
111.750000	0	3316537	0	2109615
111.900000	0	3316503	0	2109674
112.050000	0	3316521	0	2109775
112.200000	0	3316604	0	2109797
112.350000	0	3316529	0	2109897
112.500000	0	3316438	0	2109713
112.650000	0	3316518	0	2109741
112.800000	0	3316584	0	2109831
112.950000	0	3316476	0	2109813
113.100000	0	3316583	0	2109863
113.250000	0	3316564	0	2109577
113.400000	0	3316646	0	2109972
113.550000	0	3316396	0	2109638
113.700000	0	3316655	0	2109620
113.850000	0	3316546	0	2109854
114.000000	0	3316561	0	2109657
114.150000	0	3316590	0	2109666
114.300000	0	3316478	0	2109868
114.450000	0	3316617	0	2109796
114.600000	0	3316575	0	2109889
114.750000	0	3316439	0	2109693
114.900000	0	3316627	0	2109910
115.050000	0	3316491	0	2109802
115.200000	0	3316501	0	2109537
115.350000	0	3316464	0	2109835
115.500000	0	3316563	0	2109759
115.650000	0	3316608	0	2109647
115.800000	0	3316547	0	2109775
115.950000	0	3316431	0	2109715
116.100000	0	3316497	0	2109916
116.250000	0	3316616	0	2109894
116.400000	0	3316571	0	2109949
116.550000	0	3316636	0	2109701
116.700000	0	3316519	0	2109815
116.850000	0	3316490	0	2110005
117.000000	0	3316475	0	2109934
117.150000	0	3316439	0	2109773
117.300000	0	3316592	0	2109499
117.450000	0	3316429	0	2110146
117.600000	0	3316424	0	2109688
117.750000	0	3316425	0	2109824
117.900000	0	3316562	0	2110032
118.050000	0	3316503	0	2109951
118.200000	0	3316609	0	2109746
118.350000	0	3316471	0	2109889
118.500000	0	3316614	0	2109893
118.650000	0	3316549	0	2109939
118.800000	0	3316462	0	2109587
118.950000	0	3316432	0	2109787
119.100000	0	3316541	0	2109684
119.250000	0	3316654	0	2109854
119.400000	0	3316533	0	2109728
119.550000	0	3316450	0	2109843
119.700000	0	3316561	0	2109631
119.850000	0	3316614	0	2109649
120.000000	0	3316493	0	2109972
120.150000	0	3316606	0	2109900
120.300000	0	3316499	0	2109781
120.450000	0	3316628	0	2109555
120.600000	0	3316490	0	2109847
120.750000	0	3316575	0	2109679
120.900000	0	3316425	0	2109673
121.050000	0	3316532	0	2109702
121.200000	0	3316413	0	2109623
121.350000	0	3316505	0	2109758
121.500000	0	3316540	0	2109782
121.650000	0	3316607	0	2110042
121.800000	0	3316568	0	2109669
121.950000	0	3316605	0	2109659
122.100000	0	3316568	0	2109950
122.250000	0	3316644	0	2109889
122.400000	0	3316681	0	2109758
122.550000	0	3316655	0	2109970
122.700000	0	3316550	0	2109604
122.850000	0	3316641	0	2109737
123.000000	0	3316519	0	2109784
123.150000	0	3316582	0	2110029
123.300000	0	3316557	0	2109701
123.450000	0	3316523	0	2109953
123.600000	0	3316722	0	2109705
123.750000	0	3316382	0	2110148
123.900000	0	3316530	0	2109686
124.050000	0	3316588	0	2109512
124.200000	0	3316241	0	2109707
124.350000	0	3316578	0	2109834
124.500000	0	3316572	0	2109693
124.650000	0	3316636	0	2109821
124.800000	0	3316654	0	2109696
124.950000	0	3316551	0	2109811
125.100000	0	3316700	0	2109848
125.250000	0	3316606	0	2109762
125.400000	0	3316617	0	2109671
125.550000	0	3316555	0	2109898
125.700000	0	3316612	0	2109561
125.850000	0	3316639	0	2110012
126.000000	0	3316560	0	2109875
126.150000	0	3316583	0	2109759
126.300000	0	3316642	0	2109750
126.450000	0	3316558	0	2109531
126.600000	0	3316619	0	2109747
126.750000	0	3316499	0	2109891
126.900000	0	3316484	0	2109823
127.050000	0	3316625	0	2109805
127.200000	0	3316718	0	2109743
127.350000	0	3316587	0	2110009
127.500000	0	3316704	0	2109801
127.650000	0	3316621	0	2109890
127.800000	0	3316643	0	2109915
127.950000	0	3316633	0	2109819
128.100000	0	3316731	0	2109803
128.250000	0	3316589	0	2109643
128.400000	0	3316711	0	2109866
128.550000	0	3316658	0	2109742
128.700000	0	3316524	0	2109779
128.850000	0	3316510	0	2109681
129.000000	0	3316541	0	2109871
129.150000	0	3316459	0	2109980
129.300000	0	3316689	0	2109700
129.450000	0	3316843	0	2110002
129.600000	0	3316726	0	2109766
129.750000	0	3316729	0	2109920
129.900000	0	3316679	0	2109767
130.050000	0	3316660	0	2109760
130.200000	0	3316653	0	2109633
130.350000	0	3316600	0	2109799
130.500000	0	3316607	0	2110006
130.650000	0	3316506	0	2109921
130.800000	0	3316685	0	2109797
130.950000	0	3316524	0	2109542
131.100000	0	3316701	0	2109842
131.250000	0	3316515	0	2109840
131.400000	0	3316642	0	2109822
131.550000	0	3316534	0	2109502
131.700000	0	3316649	0	2109575
131.850000	0	3316678	0	2109747
132.000000	0	3316753	0	2109825
132.150000	0	3316654	0	2109732
132.300000	0	3316456	0	2110054
132.450000	0	3316565	0	2109932
132.600000	0	3316442	0	2109797
132.750000	0	3316488	0	2109722
132.900000	0	3316633	0	2109550
133.050000	0	3316589	0	2109765
133.200000	0	3316543	0	2109734
133.350000	0	3316462	0	2109549
133.500000	0	3316596	0	2109730
133.650000	0	3316617	0	2109845
133.800000	0	3316682	0	2109762
133.950000	0	3316399	0	2109634
134.100000	0	3316574	0	2109896
134.250000	0	3316406	0	2109809
134.400000	0	3316800	0	2109705
134.550000	0	3316652	0	2109957
134.700000	0	3316509	0	2109835
134.850000	0	3316583	0	2109694
135.000000	0	3316557	0	2109809
135.150000	0	3316678	0	2109683
135.300000	0	3316666	0	2109752
135.450000	0	3316536	0	2109851
135.600000	0	3316588	0	2109881
135.750000	0	3316745	0	2109860
135.900000	0	3316634	0	2109603
136.050000	0	3316521	0	2109822
136.200000	0	3316503	0	2109772
136.350000	0	3316517	0	2109876
136.500000	0	3316454	0	2109659
136.650000	0	3316647	0	2109910
136.800000	0	3316614	0	2109583
136.950000	0	3316715	0	2109914
137.100000	0	3316706	0	2109780
137.250000	0	3316392	0	2109888
137.400000	0	3316638	0	2109954
137.550000	0	3316633	0	2110048
137.700000	0	3316620	0	2109831
137.850000	0	3316318	0	2109857
138.000000	0	3316591	0	2109704
138.150000	0	3316632	0	2109851
138.300000	0	3316599	0	2109669
138.450000	0	3316500	0	2109583
138.600000	0	3316524	0	2110003
138.750000	0	3316466	0	2109849
138.900000	0	3316639	0	2109747
139.050000	0	3316674	0	2109879
139.200000	0	3316833	0	2109951
139.350000	0	3316649	0	2109757
139.500000	0	3316644	0	2109926
139.650000	0	3316725	0	2109976
139.800000	0	3316505	0	2109705
139.950000	0	3316756	0	2109643
140.100000	0	3316539	0	2109852
140.250000	0	3316521	0	2109771
140.400000	0	3316614	0	2109991
140.550000	0	3316562	0	2109823
140.700000	0	3316622	0	2109810
140.850000	0	3316523	0	2109794
141.000000	0	3316531	0	2109636
141.150000	0	3316738	0	2109720
141.300000	0	3316832	0	2109571
141.450000	0	3316555	0	2109800
141.600000	0	3316744	0	2109875
141.750000	0	3316648	0	2109815
141.900000	0	3316627	0	2109803
142.050000	0	3316528	0	2110009
142.200000	0	3316545	0	2109853
142.350000	0	3316558	0	2109687
142.500000	0	3316541	0	2109714
142.650000	0	3316506	0	2109729
142.800000	0	3316535	0	2109902
142.950000	0	3316576	0	2109872
143.100000	0	3316597	0	2109896
143.250000	0	3316629	0	2109629
143.400000	0	3316467	0	2109808
143.550000	0	3316623	0	2110018
143.700000	0	3316516	0	2109441
143.850000	0	3316525	0	2109769
144.000000	0	3316795	0	2109863
144.150000	0	3316600	0	2109611
144.300000	0	3316675	0	2109930
144.450000	0	3316618	0	2109790
144.600000	0	3316469	0	2109759
144.750000	0	3316582	0	2109758
144.900000	0	3316622	0	2110028
145.050000	0	3316649	0	2109732
145.200000	0	3316637	0	2109660
145.350000	0	3316454	0	2109841
145.500000	0	3316624	0	2109751
145.650000	0	3316775	0	2109929
145.800000	0	3316618	0	2109749
145.950000	0	3316636	0	2109741
146.100000	0	3316527	0	2109615
146.250000	0	3316508	0	2109687
146.400000	0	3316664	0	2109738
146.550000	0	3316415	0	2109770
146.700000	0	3316670	0	2109787
146.850000	0	3316694	0	2109842
147.000000	0	3316690	0	2109779
147.150000	0	3316745	0	2109812
147.300000	0	3316745	0	2110113
147.450000	0	3316867	0	2109729
147.600000	0	3316726	0	2109834
147.750000	0	3316546	0	2109761
147.900000	0	3316472	0	2109845
148.050000	0	3316433	0	2109805
148.200000	0	3316564	0	2109806
148.350000	0	3316517	0	2109749
148.500000	0	3316697	0	2109580
148.650000	0	3316560	0	2109849
148.800000	0	3316551	0	2109677
148.950000	0	3316551	0	2109579
149.100000	0	3316613	0	2109724
149.250000	0	3316412	0	2109884
149.400000	0	3316469	0	2109676
149.550000	0	3316482	0	2109479
149.700000	0	3316663	0	2109753
149.850000	0	3316444	0	2109657
150.000000	0	3316503	0	2109891
150.150000	0	3316433	0	2109825
150.300000	0	3316518	0	2109812
150.450000	0	3316466	0	2109783
150.600000	0	3316675	0	2109823
150.750000	0	3316563	0	2109722
150.900000	0	3316704	0	2109962
151.050000	0	3316599	0	2109722
151.200000	0	3316554	0	2109790
151.350000	0	3316767	0	2109460
151.500000	0	3316495	0	2109863
151.650000	0	3316502	0	2109821
151.800000	0	3316447	0	2109711
151.950000	0	3316362	0	2109636
152.100000	0	3316508	0	2109698
152.250000	0	3316554	0	2109475
152.400000	0	3316634	0	2109963
152.550000	0	3316568	0	2109815
152.700000	0	3316694	0	2109818
152.850000	0	3316646	0	2109971
153.000000	0	3316383	0	2109617
153.150000	0	3316614	0	2109813
153.300000	0	3316528	0	2109550
153.450000	0	3316412	0	2109661
153.600000	0	3316570	0	2109741
153.750000	0	3316596	0	2109741
153.900000	0	3316621	0	2109780
154.050000	0	3316664	0	2109604
154.200000	0	3316665	0	2109678
154.350000	0	3316445	0	2109547
154.500000	0	3316637	0	2109661
154.650000	0	3316531	0	2109724
154.800000	0	3316494	0	2109649
154.950000	0	3316533	0	2109651
155.100000	0	3316473	0	2109640
155.250000	0	3316526	0	2109625
155.400000	0	3316551	0	2109708
155.550000	0	3316760	0	2109898
155.700000	0	3316544	0	2109856
155.850000	0	3316470	0	2109656
156.000000	0	3316439	0	2109810
156.150000	0	3316593	0	2109661
156.300000	0	3316599	0	2109899
156.450000	0	3316531	0	2109631
156.600000	0	3316706	0	2109656
156.750000	0	3316560	0	2109576
156.900000	0	3316606	0	2109643
157.050000	0	3316523	0	2109616
157.200000	0	3316608	0	2109926
157.350000	0	3316678	0	2109847
157.500000	0	3316468	0	2109836
157.650000	0	3316507	0	2109638
157.800000	0	3316674	0	2109645
157.950000	0	3316656	0	2109960
158.100000	0	3316546	0	2109730
158.250000	0	3316534	0	2109874
158.400000	0	3316702	0	2109899
158.550000	0	3316698	0	2109724
158.700000	0	3316815	0	2109881
158.850000	0	3316837	0	2109925
159.000000	0	3316705	0	2109984
159.150000	0	3316710	0	2110052
159.300000	0	3316652	0	2109880
159.450000	0	3316784	0	2109935
159.600000	0	3316669	0	2109871
159.750000	0	3316724	0	2109734
159.900000	0	3316775	0	2109925
160.050000	0	3316777	0	2109899
160.200000	0	3316769	0	2110110
160.350000	0	3316647	0	2109905
160.500000	0	3316791	0	2110027
160.650000	0	3316772	0	2109846
160.800000	0	3316825	0	2109788
160.950000	0	3316820	0	2109967
161.100000	0	3316794	0	2110074
161.250000	0	3316800	0	2109582
161.400000	0	3316851	0	2110094
161.550000	0	3316665	0	2109779
161.700000	0	3316798	0	2109734
161.850000	0	3316821	0	2109951
162.000000	0	3316639	0	2109842
162.150000	0	3316840	0	2109785
162.300000	0	3316815	0	2109895
162.450000	0	3316747	0	2109875
162.600000	0	3316760	0	2109802
162.750000	0	3316635	0	2109780
162.900000	0	3316620	0	2109763
163.050000	0	3316710	0	2109731
163.200000	0	3316779	0	2109962
163.350000	0	3316580	0	2109857
163.500000	0	3316842	0	2109867
163.650000	0	3316676	0	2109927
163.800000	0	3316694	0	2109750
163.950000	0	3316712	0	2110043
164.100000	0	3316652	0	2110013
164.250000	0	3316654	0	2109813
164.400000	0	3316720	0	2109695
164.550000	0	3316540	0	2109834
164.700000	0	3316613	0	2109687
164.850000	0	3316745	0	2109676
165.000000	0	3316571	0	2109760
165.150000	0	3316540	0	2109570
165.300000	0	3316507	0	2109681
165.450000	0	3316548	0	2109772
165.600000	0	3316763	0	2109845
165.750000	0	3316482	0	2110004
165.900000	0	3316459	0	2110039
166.050000	0	3316621	0	2109850
166.200000	0	3316764	0	2109834
166.350000	0	3316842	0	2109981
166.500000	0	3316782	0	2109775
166.650000	0	3316726	0	2109931
166.800000	0	3316623	0	2109929
166.950000	0	3316592	0	2109743
167.100000	0	3316649	0	2109845
167.250000	0	3316784	0	2109833
167.400000	0	3316623	0	2109586
167.550000	0	3316642	0	2109955
167.700000	0	3316639	0	2109710
167.850000	0	3316505	0	2109855
168.000000	0	3316527	0	2109564
168.150000	0	3316562	0	2109988
168.300000	0	3316618	0	2109921
168.450000	0	3316840	0	2109907
168.600000	0	3316669	0	2109951
168.750000	0	3316733	0	2109891
168.900000	0	3316621	0	2109895
169.050000	0	3316661	0	2109688
169.200000	0	3316786	0	2109594
169.350000	0	3316572	0	2109787
169.500000	0	3316646	0	2109855
169.650000	0	3316681	0	2109730
169.800000	0	3316803	0	2109849
169.950000	0	3316630	0	2109989
170.100000	0	3316698	0	2109820
170.250000	0	3316720	0	2109901
170.400000	0	3316760	0	2110119
170.550000	0	3316601	0	2109568
170.700000	0	3316676	0	2109946
170.850000	0	3316578	0	2109708
171.000000	0	3316639	0	2109689
171.150000	0	3316499	0	2109729
171.300000	0	3316778	0	2109655
171.450000	0	3316509	0	2109916
171.600000	0	3316727	0	2109969
171.750000	0	3316731	0	2109850
171.900000	0	3316572	0	2109773
172.050000	0	3316674	0	2109904
172.200000	0	3316630	0	2109910
172.350000	0	3316695	0	2109883
172.500000	0	3316778	0	2109973
172.650000	0	3316994	0	2109919
172.800000	0	3316869	0	2110047
172.950000	0	3316945	0	2110000
173.100000	0	3316780	0	2109774
173.250000	0	3316798	0	2110113
173.400000	0	3316799	0	2109919
173.550000	0	3316805	0	2110007
173.700000	0	3317074	0	2109817
173.850000	0	3317009	0	2110176
174.000000	0	3316864	0	2109826
174.150000	0	3316831	0	2109772
174.300000	0	3316674	0	2109803
174.450000	0	3316792	0	2109692
174.600000	0	3316920	0	2109911
174.750000	0	3316928	0	2110102
174.900000	0	3316795	0	2109667
175.050000	0	3317106	0	2110082
175.200000	0	3316979	0	2110116
175.350000	0	3316883	0	2109886
175.500000	0	3316857	0	2110037
175.650000	0	3316960	0	2109951
175.800000	0	3316968	0	2110098
175.950000	0	3316988	0	2109837
176.100000	0	3317108	0	2110127
176.250000	0	3316940	0	2110064
176.400000	0	3317084	0	2109969
176.550000	0	3317097	0	2109987
176.700000	0	3316868	0	2110065
176.850000	0	3316664	0	2109936
177.000000	0	3316712	0	2109774
177.150000	0	3316683	0	2109939
177.300000	0	3316673	0	2109983
177.450000	0	3316689	0	2109889
177.600000	0	3316663	0	2109732
177.750000	0	3316642	0	2109815
177.900000	0	3316686	0	2109726
178.050000	0	3316676	0	2109710
178.200000	0	3316851	0	2109929
178.350000	0	3316805	0	2109837
178.500000	0	3316672	0	2109854
178.650000	0	3316686	0	2109750
178.800000	0	3316634	0	2110106
178.950000	0	3316676	0	2109814
179.100000	0	3316762	0	2109959
179.250000	0	3316691	0	2110031
179.400000	0	3316653	0	2110026
179.550000	0	3316590	0	2110319
179.700000	0	3316644	0	2109862
179.850000	0	3316689	0	2109793
180.000000	0	3316620	0	2109697
180.150000	0	3316727	0	2109595
180.300000	0	3316812	0	2109960
180.450000	0	3316597	0	2110108
180.600000	0	3316656	0	2109839
180.750000	0	3316744	0	2109928
180.900000	0	3316534	0	2109770
181.050000	0	3316745	0	2109769
181.200000	0	3316695	0	2109929
181.350000	0	3316740	0	2109720
181.500000	0	3316574	0	2109734
181.650000	0	3316656	0	2109974
181.800000	0	3316651	0	2109525
181.950000	0	3316572	0	2109711
182.100000	0	3316738	0	2109801
182.250000	0	3316684	0	2109785
182.400000	0	3316588	0	2109664
182.550000	0	3316607	0	2109986
182.700000	0	3316671	0	2109697
182.850000	0	3316600	0	2109433
183.000000	0	3316599	0	2109879
183.150000	0	3316465	0	2110056
183.300000	0	3316727	0	2110058
183.450000	0	3316636	0	2110056
183.600000	0	3316744	0	2109841
183.750000	0	3316801	0	2109954
183.900000	0	3316552	0	2109735
184.050000	0	3316682	0	2109706
184.200000	0	3316660	0	2109993
184.350000	0	3316730	0	2109838
184.500000	0	3316504	0	2110009
184.650000	0	3316527	0	2109791
184.800000	0	3316544	0	2110036
184.950000	0	3316482	0	2109980
185.100000	0	3316672	0	2109768
185.250000	0	3316527	0	2109733
185.400000	0	3316562	0	2109962
185.550000	0	3316590	0	2110054
185.700000	0	3316387	0	2109905
185.850000	0	3316435	0	2109707
186.000000	0	3316518	0	2109584
186.150000	0	3316578	0	2109869
186.300000	0	3316364	0	2109832
186.450000	0	3316524	0	2109859
186.600000	0	3316655	0	2109570
186.750000	0	3316556	0	2109918
186.900000	0	3316515	0	2109778
187.050000	0	3316436	0	2109956
187.200000	0	3316543	0	2110116
187.350000	0	3316554	0	2109680
187.500000	0	3316718	0	2109723
187.650000	0	3316596	0	2109810
187.800000	0	3316665	0	2109747
187.950000	0	3316590	0	2109526
188.100000	0	3316689	0	2109971
188.250000	0	3316630	0	2109825
188.400000	0	3316568	0	2109913
188.550000	0	3316618	0	2109815
188.700000	0	3316569	0	2109745
188.850000	0	3316682	0	2109824
189.000000	0	3316730	0	2109767
189.150000	0	3316763	0	2109977
189.300000	0	3316584	0	2110046
189.450000	0	3316540	0	2109543
189.600000	0	3316491	0	2109563
189.750000	0	3316461	0	2109885
189.900000	0	3316757	0	2109651
190.050000	0	3316661	0	2109911
190.200000	0	3316596	0	2109769
190.350000	0	3316728	0	2109777
190.500000	0	3316532	0	2109606
190.650000	0	3316431	0	2109697
190.800000	0	3316642	0	2109806
190.950000	0	3316602	0	2109869
191.100000	0	3316442	0	2109750
191.250000	0	3316766	0	2109620
191.400000	0	3316577	0	2109504
191.550000	0	3316582	0	2110007
191.700000	0	3316718	0	2109749
191.850000	0	3316508	0	2109841
192.000000	0	3316606	0	2109945
192.150000	0	3316551	0	2109772
192.300000	0	3316565	0	2109885
192.450000	0	3316711	0	2109882
192.600000	0	3316559	0	2109838
192.750000	0	3316558	0	2109645
192.900000	0	3316604	0	2109866
193.050000	0	3316333	0	2109849
193.200000	0	3316708	0	2109783
193.350000	0	3316403	0	2109721
193.500000	0	3316541	0	2109606
193.650000	0	3316494	0	2109841
193.800000	0	3316509	0	2109888
193.950000	0	3316577	0	2109634
194.100000	0	3316539	0	2109931
194.250000	0	3316392	0	2109742
194.400000	0	3316550	0	2109715
194.550000	0	3316761	0	2109558
194.700000	0	3316674	0	2109957
194.850000	0	3316630	0	2109756
195.000000	0	3316724	0	2109991
195.150000	0	3316523	0	2109764
195.300000	0	3316638	0	2109887
195.450000	0	3316626	0	2109685
195.600000	0	3316710	0	2110066
195.750000	0	3316656	0	2109811
195.900000	0	3316687	0	2109590
196.050000	0	3316692	0	2110088
196.200000	0	3316550	0	2109581
196.350000	0	3316757	0	2109823
196.500000	0	3316610	0	2109748
196.650000	0	3316484	0	2109891
196.800000	0	3316519	0	2109789
196.950000	0	3316657	0	2109376
197.100000	0	3316686	0	2109863
197.250000	0	3316713	0	2109742
197.400000	0	3316568	0	2109633
197.550000	0	3316660	0	2109718
197.700000	0	3316517	0	2109553
197.850000	0	3316557	0	2109656
198.000000	0	3316701	0	2109957
198.150000	0	3316597	0	2109833
198.300000	0	3316641	0	2109994
198.450000	0	3316557	0	2109533
198.600000	0	3316643	0	2109682
198.750000	0	3316590	0	2109750
198.900000	0	3316581	0	2109935
199.050000	0	3316622	0	2109781
199.200000	0	3316593	0	2109860
199.350000	0	3316508	0	2109712
199.500000	0	3316475	0	2109760
199.650000	0	3316549	0	2109798
199.800000	0	3316881	0	2109878
199.950000	0	3316735	0	2109895
200.100000	0	3316574	0	2109880
200.250000	0	3316589	0	2109890
200.400000	0	3316644	0	2109693
200.550000	0	3316643	0	2109769
200.700000	0	3316717	0	2109791
200.850000	0	3316819	0	2109820
201.000000	0	3316837	0	2109953
201.150000	0	3316565	0	2109924
201.300000	0	3316730	0	2109946
201.450000	0	3316758	0	2109953
201.600000	0	3316620	0	2109853
201.750000	0	3316593	0	2109832
201.900000	0	3316732	0	2109891
202.050000	0	3316666	0	2109754
202.200000	0	3316604	0	2109939
202.350000	0	3316488	0	2109800
202.500000	0	3316661	0	2110019
202.650000	0	3316566	0	2109763
202.800000	0	3316627	0	2109982
202.950000	0	3316487	0	2110014
203.100000	0	3316487	0	2109959
203.250000	0	3316520	0	2109795
203.400000	0	3316735	0	2109655
203.550000	0	3316510	0	2109999
203.700000	0	3316759	0	2109892
203.850000	0	3316558	0	2109995
204.000000	0	3316586	0	2109977
204.150000	0	3316506	0	2110032
204.300000	0	3316388	0	2109951
204.450000	0	3316420	0	2109565
204.600000	0	3316663	0	2109956
204.750000	0	3316575	0	2109868
204.900000	0	3316418	0	2109541
205.050000	0	3316486	0	2109692
205.200000	0	3316498	0	2109852
205.350000	0	3316415	0	2109800
205.500000	0	3316632	0	2109818
205.650000	0	3316526	0	2109655
205.800000	0	3316376	0	2109527
205.950000	0	3316548	0	2109860
206.100000	0	3316898	0	2109556
206.250000	0	3316612	0	2110107
206.400000	0	3316578	0	2109746
206.550000	0	3316614	0	2109769
206.700000	0	3316521	0	2109788
206.850000	0	3316591	0	2109937
207.000000	0	3316504	0	2109857
207.150000	0	3316568	0	2109728
207.300000	0	3316500	0	2110010
207.450000	0	3316617	0	2109963
207.600000	0	3316588	0	2109720
207.750000	0	3316533	0	2109866
207.900000	0	3316529	0	2109753
208.050000	0	3316465	0	2109952
208.200000	0	3316543	0	2109812
208.350000	0	3316608	0	2110037
208.500000	0	3316507	0	2109728
208.650000	0	3316512	0	2109832
208.800000	0	3316582	0	2109584
208.950000	0	3316615	0	2110027
209.100000	0	3316526	0	2110067
209.250000	0	3316435	0	2109916
209.400000	0	3316611	0	2110020
209.550000	0	3316642	0	2109710
209.700000	0	3316590	0	2109622
209.850000	0	3316697	0	2109714
210.000000	0	3316594	0	2109926
210.150000	0	3316635	0	2109710
210.300000	0	3316485	0	2109745
210.450000	0	3316746	0	2109688
210.600000	0	3316550	0	2109504
210.750000	0	3316777	0	2109997
210.900000	0	3316671	0	2110111
211.050000	0	3316552	0	2109967
211.200000	0	3316719	0	2109892
211.350000	0	3316667	0	2109607
211.500000	0	3316668	0	2109827
211.650000	0	3316735	0	2109927
211.800000	0	3316622	0	2109753
211.950000	0	3316561	0	2109796
212.100000	0	3316751	0	2109997
212.250000	0	3316532	0	2109703
212.400000	0	3316562	0	2109780
212.550000	0	3316713	0	2109726
212.700000	0	3316589	0	2109782
212.850000	0	3316787	0	2109771
213.000000	0	3316687	0	2109786
213.150000	0	3316615	0	2109564
213.300000	0	3316545	0	2110069
213.450000	0	3316561	0	2109672
213.600000	0	3316536	0	2109935
213.750000	0	3316305	0	2109954
213.900000	0	3316477	0	2109779
214.050000	0	3316679	0	2109594
214.200000	0	3316551	0	2109895
214.350000	0	3316569	0	2109812
214.500000	0	3316536	0	2109687
214.650000	0	3316432	0	2109634
214.800000	0	3316483	0	2109936
214.950000	0	3316597	0	2109702
215.100000	0	3316703	0	2109800
215.250000	0	3316670	0	2109626
215.400000	0	3316695	0	2109701
215.550000	0	3316721	0	2110044
215.700000	0	3316537	0	2109999
215.850000	0	3316650	0	2109758
216.000000	0	3316546	0	2109918
216.150000	0	3316697	0	2109972
216.300000	0	3316591	0	2109858
216.450000	0	3316618	0	2109798
216.600000	0	3316664	0	2109854
216.750000	0	3316613	0	2109764
216.900000	0	3316659	0	2109723
217.050000	0	3316726	0	2110032
217.200000	0	3316696	0	2109775
217.350000	0	3316658	0	2109958
217.500000	0	3316592	0	2110039
217.650000	0	3316771	0	2109983
217.800000	0	3316595	0	2109745
217.950000	0	3316669	0	2109582
218.100000	0	3316651	0	2109973
218.250000	0	3316714	0	2109830
218.400000	0	3316722	0	2109923
218.550000	0	3316739	0	2109677
218.700000	0	3316753	0	2109756
218.850000	0	3316496	0	2110069
219.000000	0	3316643	0	2109774
219.150000	0	3316686	0	2109870
219.300000	0	3316717	0	2109895
219.450000	0	3316838	0	2109895
219.600000	0	3316678	0	2109552
219.750000	0	3316671	0	2110190
219.900000	0	3316640	0	2109888
220.050000	0	3316756	0	2109683
220.200000	0	3316642	0	2109800
220.350000	0	3316564	0	2109846
220.500000	0	3316564	0	2109871
220.650000	0	3316558	0	2109791
220.800000	0	3316633	0	2109822
220.950000	0	3316684	0	2109874
221.100000	0	3316500	0	2109940
221.250000	0	3316481	0	2109970
221.400000	0	3316604	0	2109701
221.550000	0	3316811	0	2109676
221.700000	0	3316559	0	2109822
221.850000	0	3316506	0	2109590
222.000000	0	3316530	0	2109723
222.150000	0	3316596	0	2109694
222.300000	0	3316448	0	2109740
222.450000	0	3316508	0	2109714
222.600000	0	3316443	0	2109863
222.750000	0	3316466	0	2109913
222.900000	0	3316819	0	2109777
223.050000	0	3316569	0	2109724
223.200000	0	3316649	0	2109424
223.350000	0	3316483	0	2109814
223.500000	0	3316466	0	2110011
223.650000	0	3316623	0	2110041
223.800000	0	3316580	0	2109929
223.950000	0	3316572	0	2109788
224.100000	0	3316637	0	2109867
224.250000	0	3316499	0	2109985
224.400000	0	3316540	0	2110037
224.550000	0	3316753	0	2110121
224.700000	0	3316680	0	2109827
224.850000	0	3316638	0	2109846
225.000000	0	3316624	0	2109958
225.150000	0	3316596	0	2109770
225.300000	0	3316754	0	2109741
225.450000	0	3316621	0	2109685
225.600000	0	3316472	0	2109763
225.750000	0	3316722	0	2109500
225.900000	0	3316728	0	2109812
226.050000	0	3316649	0	2109781
226.200000	0	3316708	0	2109907
226.350000	0	3316585	0	2109808
226.500000	0	3316704	0	2109810
226.650000	0	3316744	0	2110018
226.800000	0	3316663	0	2109794
226.950000	0	3316586	0	2109614
227.100000	0	3316701	0	2109780
227.250000	0	3316533	0	2109881
227.400000	0	3316646	0	2110085
227.550000	0	3316727	0	2109551
227.700000	0	3316516	0	2109974
227.850000	0	3316583	0	2109700
228.000000	0	3316719	0	2109877
228.150000	0	3316612	0	2109901
228.300000	0	3316590	0	2109848
228.450000	0	3316541	0	2110100
228.600000	0	3316625	0	2109939
228.750000	0	3316754	0	2109738
228.900000	0	3316834	0	2109887
229.050000	0	3316533	0	2109749
229.200000	0	3316749	0	2109785
229.350000	0	3316619	0	2109747
229.500000	0	3316837	0	2109773
229.650000	0	3316662	0	2109982
229.800000	0	3316698	0	2109621
229.950000	0	3316705	0	2109943
230.100000	0	3316560	0	2109846
230.250000	0	3316785	0	2110000
230.400000	0	3316550	0	2109928
230.550000	0	3316646	0	2109804
230.700000	0	3316795	0	2109928
230.850000	0	3316790	0	2109763
231.000000	0	3316739	0	2110015
231.150000	0	3316773	0	2109853
231.300000	0	3316736	0	2109969
231.450000	0	3316707	0	2109939
231.600000	0	3316871	0	2109928
231.750000	0	3316751	0	2110047
231.900000	0	3316738	0	2109958
232.050000	0	3316790	0	2109967
232.200000	0	3316708	0	2109902
232.350000	0	3316810	0	2109793
232.500000	0	3316754	0	2110047
232.650000	0	3316821	0	2110048
232.800000	0	3316710	0	2109778
232.950000	0	3316821	0	2109823
233.100000	0	3316785	0	2109995
233.250000	0	3316715	0	2109972
233.400000	0	3316706	0	2109825
233.550000	0	3316715	0	2109835
233.700000	0	3316533	0	2109836
233.850000	0	3316743	0	2110033
234.000000	0	3316737	0	2109746
234.150000	0	3316626	0	2109609
234.300000	0	3316699	0	2109913
234.450000	0	3316856	0	2109840
234.600000	0	3316756	0	2109776
234.750000	0	3316827	0	2110125
234.900000	0	3316611	0	2110089
235.050000	0	3316692	0	2110002
235.200000	0	3316731	0	2109900
235.350000	0	3316649	0	2109901
235.500000	0	3316616	0	2110146
235.650000	0	3316601	0	2109932
235.800000	0	3316636	0	2109843
235.950000	0	3316662	0	2109562
236.100000	0	3316649	0	2110016
236.250000	0	3316806	0	2109708
236.400000	0	3316737	0	2109833
236.550000	0	3316766	0	2109831
236.700000	0	3316817	0	2109895
236.850000	0	3316885	0	2109894
237.000000	0	3316835	0	2109834
237.150000	0	3316680	0	2109880
237.300000	0	3316768	0	2109954
237.450000	0	3316692	0	2110049
237.600000	0	3316725	0	2110026
237.750000	0	3316688	0	2109764
237.900000	0	3316719	0	2109783
238.050000	0	3316702	0	2109817
238.200000	0	3316938	0	2109982
238.350000	0	3316636	0	2109832
238.500000	0	3316761	0	2109714
238.650000	0	3316691	0	2109882
238.800000	0	3316746	0	2110035
238.950000	0	3316815	0	2109825
239.100000	0	3316750	0	2109769
239.250000	0	3316794	0	2109866
239.400000	0	3316730	0	2109867
239.550000	0	3316648	0	2109557
239.700000	0	3316737	0	2109658
239.850000	0	3316590	0	2109845
240.000000	0	3316571	0	2109950
240.150000	0	3316717	0	2109888
240.300000	0	3316452	0	2109846
240.450000	0	3316660	0	2109919
240.600000	0	3316608	0	2109868
240.750000	0	3316584	0	2109824
240.900000	0	3316767	0	2109735
241.050000	0	3316706	0	2110121
241.200000	0	3316625	0	2109666
241.350000	0	3316604	0	2109608
241.500000	0	3316524	0	2109939
241.650000	0	3316586	0	2109722
241.800000	0	3316644	0	2109800
241.950000	0	3316489	0	2109740
242.100000	0	3316638	0	2109792
242.250000	0	3316498	0	2109911
242.400000	0	3316635	0	2109776
242.550000	0	3316556	0	2109807
242.700000	0	3316549	0	2109924
242.850000	0	3316509	0	2110289
243.000000	0	3316557	0	2109857
243.150000	0	3316665	0	2109661
243.300000	0	3316730	0	2109893
243.450000	0	3316567	0	2109803
243.600000	0	3316571	0	2109914
243.750000	0	3316569	0	2109957
243.900000	0	3316641	0	2109818
244.050000	0	3316721	0	2109726
244.200000	0	3316726	0	2109801
244.350000	0	3316620	0	2109738
244.500000	0	3316543	0	2109831
244.650000	0	3316602	0	2109758
244.800000	0	3316644	0	2109652
244.950000	0	3316578	0	2109824
245.100000	0	3316647	0	2109715
245.250000	0	3316492	0	2109905
245.400000	0	3316552	0	2109703
245.550000	0	3316654	0	2109796
245.700000	0	3316659	0	2109654
245.850000	0	3316726	0	2109819
246.000000	0	3316591	0	2109655
246.150000	0	3316610	0	2109614
246.300000	0	3316602	0	2109903
246.450000	0	3316527	0	2109992
246.600000	0	3316562	0	2109758
246.750000	0	3316686	0	2109921
246.900000	0	3316456	0	2109800
247.050000	0	3316701	0	2109884
247.200000	0	3316684	0	2109936
247.350000	0	3316698	0	2109797
247.500000	0	3316620	0	2109678
247.650000	0	3316650	0	2110087
247.800000	0	3316607	0	2109913
247.950000	0	3316665	0	2109882
248.100000	0	3316577	0	2109543
248.250000	0	3316555	0	2109836
248.400000	0	3316594	0	2110023
248.550000	0	3316729	0	2109924
248.700000	0	3316665	0	2109652
248.850000	0	3316719	0	2109557
249.000000	0	3316616	0	2109830
249.150000	0	3316652	0	2109795
249.300000	0	3316583	0	2109994
249.450000	0	3316702	0	2110039
249.600000	0	3316723	0	2109710
249.750000	0	3316719	0	2109894
249.900000	0	3316543	0	2109811
250.050000	0	3316680	0	2109650
250.200000	0	3316544	0	2109969
250.350000	0	3316576	0	2109792
250.500000	0	3316768	0	2109705
250.650000	0	3316620	0	2109531
250.800000	0	3316718	0	2110027
250.950000	0	3316699	0	2109925
251.100000	0	3316828	0	2109930
251.250000	0	3316733	0	2109955
251.400000	0	3316832	0	2109761
251.550000	0	3316653	0	2110013
251.700000	0	3316818	0	2109963
251.850000	0	3316823	0	2109956
252.000000	0	3316587	0	2109978
252.150000	0	3316639	0	2109967
252.300000	0	3316746	0	2109994
252.450000	0	3316735	0	2109871
252.600000	0	3316647	0	2109530
252.750000	0	3316607	0	2109839
252.900000	0	3316636	0	2109850
253.050000	0	3316733	0	2109756
253.200000	0	3316712	0	2109907
253.350000	0	3316697	0	2109883
253.500000	0	3316632	0	2109985
253.650000	0	3316633	0	2109671
253.800000	0	3316642	0	2109834
253.950000	0	3316859	0	2109947
254.100000	0	3316674	0	2110008
254.250000	0	3316867	0	2109939
254.400000	0	3316741	0	2109745
254.550000	0	3316786	0	2109889
254.700000	0	3316676	0	2109815
254.850000	0	3316730	0	2109866
255.000000	0	3316859	0	2110096
255.150000	0	3316897	0	2109947
255.300000	0	3316657	0	2109729
255.450000	0	3316630	0	2109903
255.600000	0	3316649	0	2109832
255.750000	0	3316696	0	2109996
255.900000	0	3316685	0	2109935
256.050000	0	3316845	0	2109916
256.200000	0	3316689	0	2109684
256.350000	0	3316712	0	2109986
256.500000	0	3316751	0	2109985
256.650000	0	3316821	0	2110077
256.800000	0	3316822	0	2109801
256.950000	0	3316730	0	2109824
257.100000	0	3316863	0	2109804
257.250000	0	3316612	0	2109751
257.400000	0	3316485	0	2109894
257.550000	0	3316777	0	2110110
257.700000	0	3316710	0	2109881
257.850000	0	3316984	0	2109715
258.000000	0	3316719	0	2109823
258.150000	0	3316672	0	2109808
258.300000	0	3316835	0	2109947
258.450000	0	3316548	0	2109781
258.600000	0	3316795	0	2109779
258.750000	0	3316732	0	2110020
258.900000	0	3316764	0	2109808
259.050000	0	3316902	0	2110053
259.200000	0	3316817	0	2109812
259.350000	0	3316685	0	2109680
259.500000	0	3316520	0	2110053
259.650000	0	3316919	0	2109814
259.800000	0	3316716	0	2109722
259.950000	0	3316763	0	2109849
260.100000	0	3316803	0	2109754
260.250000	0	3316864	0	2109684
260.400000	0	3316716	0	2109898
260.550000	0	3316720	0	2109895
260.700000	0	3316692	0	2109664
260.850000	0	3316667	0	2109897
261.000000	0	3316617	0	2110030
261.150000	0	3316625	0	2109885
261.300000	0	3316635	0	2110064
261.450000	0	3316436	0	2109780
261.600000	0	3316745	0	2109826
261.750000	0	3316597	0	2109720
261.900000	0	3316768	0	2109780
262.050000	0	3316796	0	2109535
262.200000	0	3316752	0	2110052
262.350000	0	3316604	0	2109700
262.500000	0	3316671	0	2109884
262.650000	0	3316776	0	2109829
262.800000	0	3316858	0	2110024
262.950000	0	3316597	0	2109925
263.100000	0	3316688	0	2109886
263.250000	0	3316607	0	2109868
263.400000	0	3316668	0	2109864
263.550000	0	3316755	0	2109847
263.700000	0	3316712	0	2109803
263.850000	0	3316762	0	2109891
264.000000	0	3316559	0	2109771
264.150000	0	3316540	0	2110039
264.300000	0	3316823	0	2109695
264.450000	0	3316631	0	2109805
264.600000	0	3316715	0	2109825
264.750000	0	3316643	0	2109841
264.900000	0	3316579	0	2109597
265.050000	0	3316712	0	2109690
265.200000	0	3316661	0	2109898
265.350000	0	3316647	0	2109613
265.500000	0	3316570	0	2109853
265.650000	0	3316751	0	2109665
265.800000	0	3316635	0	2109856
265.950000	0	3316363	0	2109772
266.100000	0	3316721	0	2109808
266.250000	0	3316527	0	2109960
266.400000	0	3316507	0	2109755
266.550000	0	3316643	0	2109882
266.700000	0	3316581	0	2109718
266.850000	0	3316498	0	2109563
267.000000	0	3316532	0	2109646
267.150000	0	3316501	0	2109992
267.300000	0	3316684	0	2109936
267.450000	0	3316578	0	2109966
267.600000	0	3316540	0	2109946
267.750000	0	3316673	0	2109607
267.900000	0	3316771	0	2109878
268.050000	0	3316617	0	2109710
268.200000	0	3316457	0	2109571
268.350000	0	3316671	0	2109930
268.500000	0	3316573	0	2109844
268.650000	0	3316623	0	2109707
268.800000	0	3316632	0	2109781
268.950000	0	3316583	0	2109721
269.100000	0	3316702	0	2109673
269.250000	0	3316859	0	2109767
269.400000	0	3316612	0	2109531
269.550000	0	3316653	0	2109910
269.700000	0	3316673	0	2109777
269.850000	0	3316691	0	2109635
270.000000	0	3316659	0	2109992
