Seconds	CHNL0_Start	CHNL0_End	CHNL1_Start	CHNL1_End
0.150000	0	4540682	0	2873328
0.300000	0	4543001	0	2874766
0.450000	0	4543079	0	2874599
0.600000	0	4543218	0	2874670
0.750000	0	4543250	0	2874358
0.900000	0	4543117	0	2875002
1.050000	0	4543135	0	2874747
1.200000	0	4543044	0	2874986
1.350000	0	4543179	0	2874836
1.500000	0	4543225	0	2874510
1.650000	0	4543117	0	2874948
1.800000	0	4543060	0	2874896
1.950000	0	4543221	0	2874855
2.100000	0	4543102	0	2874645
2.250000	0	4543123	0	2874885
2.400000	0	4543069	0	2875071
2.550000	0	4543312	0	2874649
2.700000	0	4543049	0	2874829
2.850000	0	4543108	0	2874661
3.000000	0	4543127	0	2874681
3.150000	0	4543264	0	2875010
3.300000	0	4543176	0	2874854
3.450000	0	4543163	0	2874603
3.600000	0	4543049	0	2874807
3.750000	0	4543171	0	2874517
3.900000	0	4543127	0	2874690
4.050000	0	4543058	0	2874883
4.200000	0	4543021	0	2874951
4.350000	0	4543108	0	2874692
4.500000	0	4543111	0	2874698
4.650000	0	4543000	0	2874689
4.800000	0	4542999	0	2874762
4.950000	0	4543359	0	2874607
5.100000	0	4543020	0	2874794
5.250000	0	4543147	0	2874631
5.400000	0	4543163	0	2874607
5.550000	0	4543213	0	2874761
5.700000	0	4543195	0	2875130
5.850000	0	4543218	0	2874784
6.000000	0	4543109	0	2874496
6.150000	0	4543183	0	2874853
6.300000	0	4543396	0	2874811
6.450000	0	4543255	0	2874397
6.600000	0	4543248	0	2874792
6.750000	0	4543216	0	2874741
6.900000	0	4543117	0	2874785
7.050000	0	4543106	0	2874585
7.200000	0	4543303	0	2874565
7.350000	0	4543154	0	2875015
7.500000	0	4543067	0	2874595
7.650000	0	4543223	0	2874610
7.800000	0	4543243	0	2874919
7.950000	0	4543246	0	2874788
8.100000	0	4543083	0	2874685
8.250000	0	4543321	0	2874775
8.400000	0	4543225	0	2874556
8.550000	0	4543190	0	2874631
8.700000	0	4543297	0	2874805
8.850000	0	4543162	0	2874771
9.000000	0	4543252	0	2874662
9.150000	0	4543260	0	2874683
9.300000	0	4543287	0	2874494
9.450000	0	4543370	0	2874712
9.600000	0	4543184	0	2874801
9.750000	0	4543205	0	2874882
9.900000	0	4543143	0	2875137
10.050000	0	4543116	0	2874674
10.200000	0	4543142	0	2874562
10.350000	0	4543002	0	2874772
10.500000	0	4543089	0	2874836
10.650000	0	4543219	0	2874740
10.800000	0	4543227	0	2874682
10.950000	0	4543320	0	2874533
11.100000	0	4543267	0	2874821
11.250000	0	4543150	0	2874906
11.400000	0	4543290	0	2874865
11.550000	0	4543232	0	2874966
11.700000	0	4543155	0	2874813
11.850000	0	4542968	0	2874934
12.000000	0	4543119	0	2874826
12.150000	0	4543138	0	2874812
12.300000	0	4543266	0	2874717
12.450000	0	4543340	0	2875164
12.600000	0	4543056	0	2874727
12.750000	0	4543095	0	2875035
12.900000	0	4543147	0	2874613
13.050000	0	4543296	0	2874660
13.200000	0	4543223	0	2874573
13.350000	0	4542948	0	2874813
13.500000	0	4543206	0	2874888
13.650000	0	4543259	0	2874879
13.800000	0	4543226	0	2874889
13.950000	0	4543071	0	2874895
14.100000	0	4543133	0	2874836
14.250000	0	4543331	0	2874543
14.400000	0	4543144	0	2874990
14.550000	0	4543189	0	2874673
14.700000	0	4543302	0	2874676
14.850000	0	4543177	0	2874572
15.000000	0	4543333	0	2874745
15.150000	0	4543226	0	2874954
15.300000	0	4543239	0	2874839
15.450000	0	4543308	0	2874856
15.600000	0	4543262	0	2874748
15.750000	0	4543146	0	2874499
15.900000	0	4543250	0	2874534
16.050000	0	4543114	0	2874682
16.200000	0	4543267	0	2874822
16.350000	0	4543121	0	2874658
16.500000	0	4543224	0	2874546
16.650000	0	4543136	0	2874757
16.800000	0	4543054	0	2874717
16.950000	0	4543224	0	2874761
17.100000	0	4543084	0	2874906
17.250000	0	4543060	0	2874768
17.400000	0	4543303	0	2874651
17.550000	0	4543101	0	2874695
17.700000	0	4543463	0	2875090
17.850000	0	4543368	0	2874907
18.000000	0	4543331	0	2874588
18.150000	0	4543242	0	2874567
18.300000	0	4543229	0	2874776
18.450000	0	4543211	0	2874993
18.600000	0	4543277	0	2874801
18.750000	0	4543175	0	2874498
18.900000	0	4543170	0	2874870
19.050000	0	4543221	0	2874590
19.200000	0	4543399	0	2874783
19.350000	0	4543091	0	2874781
19.500000	0	4543360	0	2874688
19.650000	0	4543406	0	2874672
19.800000	0	4543150	0	2874735
19.950000	0	4543145	0	2874726
20.100000	0	4543147	0	2874471
20.250000	0	4543355	0	2874523
20.400000	0	4543344	0	2874421
20.550000	0	4543349	0	2874531
20.700000	0	4543037	0	2874820
20.850000	0	4543177	0	2874622
21.000000	0	4543255	0	2874867
21.150000	0	4543223	0	2874724
21.300000	0	4543253	0	2874965
21.450000	0	4543257	0	2874841
21.600000	0	4543353	0	2874757
21.750000	0	4543373	0	2875049
21.900000	0	4543263	0	2874749
22.050000	0	4543171	0	2874763
22.200000	0	4543038	0	2874833
22.350000	0	4543151	0	2874840
22.500000	0	4543277	0	2874880
22.650000	0	4543467	0	2874776
22.800000	0	4543239	0	2874746
22.950000	0	4543431	0	2874737
23.100000	0	4543298	0	2874979
23.250000	0	4543298	0	2874652
23.400000	0	4543225	0	2874867
23.550000	0	4543231	0	2874885
23.700000	0	4543154	0	2874667
23.850000	0	4543102	0	2874589
24.000000	0	4543312	0	2875055
24.150000	0	4543328	0	2874911
24.300000	0	4543081	0	2874527
24.450000	0	4543222	0	2874774
24.600000	0	4543209	0	2874674
24.750000	0	4543194	0	2874793
24.900000	0	4543049	0	2874607
25.050000	0	4543232	0	2874563
25.200000	0	4543301	0	2874575
25.350000	0	4543426	0	2874641
25.500000	0	4543408	0	2874685
25.650000	0	4543261	0	2874778
25.800000	0	4543228	0	2874825
25.950000	0	4543380	0	2875072
26.100000	0	4543390	0	2874559
26.250000	0	4543349	0	2874761
26.400000	0	4543453	0	2874712
26.550000	0	4543364	0	2874885
26.700000	0	4543351	0	2874860
26.850000	0	4543301	0	2874723
27.000000	0	4543263	0	2874749
27.150000	0	4543161	0	2874844
27.300000	0	4543260	0	2874620
27.450000	0	4543330	0	2874741
27.600000	0	4543311	0	2875084
27.750000	0	4543312	0	2875017
27.900000	0	4543350	0	2874673
28.050000	0	4543322	0	2874647
28.200000	0	4543301	0	2874701
28.350000	0	4543253	0	2874783
28.500000	0	4543438	0	2874951
28.650000	0	4543201	0	2874758
28.800000	0	4543124	0	2874723
28.950000	0	4543096	0	2874968
29.100000	0	4543289	0	2874848
29.250000	0	4543382	0	2874509
29.400000	0	4543193	0	2874434
29.550000	0	4543329	0	2874697
29.700000	0	4543507	0	2874637
29.850000	0	4543449	0	2874751
30.000000	0	4543354	0	2874549
30.150000	0	4543394	0	2875032
30.300000	0	4543323	0	2874904
30.450000	0	4543322	0	2874650
30.600000	0	4543352	0	2874687
30.750000	0	4543205	0	2874558
30.900000	0	4543174	0	2874744
31.050000	0	4543270	0	2874673
31.200000	0	4543142	0	2874681
31.350000	0	4543315	0	2874728
31.500000	0	4543143	0	2874377
31.650000	0	4543179	0	2874933
31.800000	0	4543213	0	2874766
31.950000	0	4543173	0	2874853
32.100000	0	4543201	0	2874838
32.250000	0	4543405	0	2874601
32.400000	0	4543327	0	2874554
32.550000	0	4543300	0	2874640
32.700000	0	4543205	0	2874557
32.850000	0	4543150	0	2874699
33.000000	0	4543126	0	2874663
33.150000	0	4543309	0	2874747
33.300000	0	4543343	0	2874444
33.450000	0	4543206	0	2874563
33.600000	0	4543189	0	2874733
33.750000	0	4543220	0	2874671
33.900000	0	4543344	0	2874777
34.050000	0	4543377	0	2874776
34.200000	0	4543245	0	2874564
34.350000	0	4543182	0	2874431
34.500000	0	4543319	0	2874779
34.650000	0	4543308	0	2874779
34.800000	0	4543327	0	2874595
34.950000	0	4543183	0	2874684
35.100000	0	4543126	0	2874766
35.250000	0	4543095	0	2874940
35.400000	0	4543349	0	2874567
35.550000	0	4543402	0	2874660
35.700000	0	4543209	0	2874752
35.850000	0	4543254	0	2874555
36.000000	0	4543148	0	2874640
36.150000	0	4543309	0	2874760
36.300000	0	4543342	0	2874759
36.450000	0	4543244	0	2874653
36.600000	0	4543186	0	2874935
36.750000	0	4543260	0	2874679
36.900000	0	4543378	0	2874599
37.050000	0	4543071	0	2874509
37.200000	0	4543224	0	2874196
37.350000	0	4543365	0	2874578
37.500000	0	4543260	0	2874695
37.650000	0	4543268	0	2874426
37.800000	0	4543358	0	2874738
37.950000	0	4543119	0	2874394
38.100000	0	4543287	0	2874449
38.250000	0	4543150	0	2874849
38.400000	0	4543144	0	2874722
38.550000	0	4543230	0	2874616
38.700000	0	4543185	0	2874851
38.850000	0	4543136	0	2874390
39.000000	0	4543357	0	2874769
39.150000	0	4543219	0	2874188
39.300000	0	4543353	0	2874434
39.450000	0	4543396	0	2874823
39.600000	0	4543236	0	2874595
39.750000	0	4543137	0	2874597
39.900000	0	4543181	0	2874572
40.050000	0	4543204	0	2874569
40.200000	0	4543285	0	2874715
40.350000	0	4543204	0	2874807
40.500000	0	4543257	0	2874757
40.650000	0	4543168	0	2874889
40.800000	0	4543085	0	2874765
40.950000	0	4543258	0	2874456
41.100000	0	4543182	0	2874494
41.250000	0	4543382	0	2874190
41.400000	0	4543071	0	2874615
41.550000	0	4543136	0	2874690
41.700000	0	4543274	0	2874818
41.850000	0	4543132	0	2874774
42.000000	0	4543197	0	2874850
42.150000	0	4543150	0	2874994
42.300000	0	4543336	0	2874774
42.450000	0	4543130	0	2874618
42.600000	0	4543190	0	2874745
42.750000	0	4543255	0	2874715
42.900000	0	4543105	0	2874800
43.050000	0	4543194	0	2874340
43.200000	0	4543220	0	2874486
43.350000	0	4543197	0	2874614
43.500000	0	4543140	0	2874865
43.650000	0	4543170	0	2874734
43.800000	0	4543205	0	2874456
43.950000	0	4543251	0	2874610
44.100000	0	4543117	0	2874548
44.250000	0	4543236	0	2874689
44.400000	0	4543182	0	2874699
44.550000	0	4543277	0	2874773
44.700000	0	4543138	0	2874614
44.850000	0	4543152	0	2874682
45.000000	0	4543302	0	2874583
45.150000	0	4543165	0	2874703
45.300000	0	4542974	0	2874707
45.450000	0	4542954	0	2874583
45.600000	0	4543078	0	2874793
45.750000	0	4543170	0	2874815
45.900000	0	4543197	0	2874440
46.050000	0	4543271	0	2874424
46.200000	0	4542962	0	2874625
46.350000	0	4543184	0	2874648
46.500000	0	4543366	0	2874702
46.650000	0	4543277	0	2875011
46.800000	0	4543072	0	2874311
46.950000	0	4543138	0	2874656
47.100000	0	4543039	0	2874944
47.250000	0	4543151	0	2874646
47.400000	0	4543260	0	2874321
47.550000	0	4543326	0	2874495
47.700000	0	4543290	0	2874720
47.850000	0	4543239	0	2874576
48.000000	0	4543092	0	2874334
48.150000	0	4543370	0	2874479
48.300000	0	4543193	0	2874740
48.450000	0	4543273	0	2874552
48.600000	0	4543178	0	2874438
48.750000	0	4543222	0	2874601
48.900000	0	4543058	0	2874598
49.050000	0	4543284	0	2874688
49.200000	0	4543271	0	2874686
49.350000	0	4543436	0	2874536
49.500000	0	4543267	0	2874383
49.650000	0	4543106	0	2874596
49.800000	0	4543106	0	2874637
49.950000	0	4543267	0	2874725
50.100000	0	4543102	0	2874512
50.250000	0	4543263	0	2874773
50.400000	0	4543217	0	2874741
50.550000	0	4543315	0	2874321
50.700000	0	4543177	0	2874495
50.850000	0	4543075	0	2874526
51.000000	0	4543318	0	2874641
51.150000	0	4543170	0	2874618
51.300000	0	4543195	0	2874422
51.450000	0	4543151	0	2874546
51.600000	0	4543330	0	2874807
51.750000	0	4543148	0	2874520
51.900000	0	4543238	0	2874433
52.050000	0	4543236	0	2874727
52.200000	0	4543272	0	2874687
52.350000	0	4543253	0	2874978
52.500000	0	4543225	0	2874546
52.650000	0	4542918	0	2874622
52.800000	0	4543367	0	2874690
52.950000	0	4543196	0	2874889
53.100000	0	4543185	0	2874691
53.250000	0	4543210	0	2874641
53.400000	0	4543325	0	2874403
53.550000	0	4543269	0	2874692
53.700000	0	4543510	0	2874949
53.850000	0	4543235	0	2874675
54.000000	0	4543410	0	2874506
54.150000	0	4543214	0	2874502
54.300000	0	4543256	0	2874384
54.450000	0	4543285	0	2874832
54.600000	0	4543138	0	2874608
54.750000	0	4543316	0	2874584
54.900000	0	4543194	0	2874538
55.050000	0	4543194	0	2874632
55.200000	0	4543205	0	2874745
55.350000	0	4543292	0	2874677
55.500000	0	4543243	0	2874746
55.650000	0	4543124	0	2874443
55.800000	0	4543313	0	2874956
55.950000	0	4543181	0	2874585
56.100000	0	4543250	0	2874623
56.250000	0	4542938	0	2874576
56.400000	0	4543308	0	2874612
56.550000	0	4543215	0	2874385
56.700000	0	4543226	0	2874766
56.850000	0	4543253	0	2874483
57.000000	0	4543139	0	2874694
57.150000	0	4543073	0	2874660
57.300000	0	4543204	0	2874709
57.450000	0	4543356	0	2874847
57.600000	0	4543273	0	2874677
57.750000	0	4543087	0	2874408
57.900000	0	4543514	0	2874411
58.050000	0	4543302	0	2874530
58.200000	0	4543245	0	2874621
58.350000	0	4543276	0	2874283
58.500000	0	4543283	0	2874758
58.650000	0	4543152	0	2874575
58.800000	0	4543306	0	2874647
58.950000	0	4543270	0	2874608
59.100000	0	4543398	0	2874590
59.250000	0	4543229	0	2874541
59.400000	0	4543245	0	2874409
59.550000	0	4543323	0	2874676
59.700000	0	4543391	0	2874800
59.850000	0	4543314	0	2874879
60.000000	0	4543360	0	2874828
60.150000	0	4543227	0	2874653
60.300000	0	4543240	0	2874696
60.450000	0	4543278	0	2874296
60.600000	0	4543169	0	2874464
60.750000	0	4543361	0	2874638
60.900000	0	4543076	0	2874613
61.050000	0	4543261	0	2874634
61.200000	0	4543246	0	2874563
61.350000	0	4543415	0	2874620
61.500000	0	4543136	0	2874489
61.650000	0	4543352	0	2874575
61.800000	0	4543260	0	2874629
61.950000	0	4543200	0	2874571
62.100000	0	4543339	0	2874583
62.250000	0	4543368	0	2874658
62.400000	0	4543236	0	2874550
62.550000	0	4543213	0	2874745
62.700000	0	4543348	0	2874683
62.850000	0	4543286	0	2874729
63.000000	0	4543343	0	2874729
63.150000	0	4543217	0	2874602
63.300000	0	4543192	0	2874349
63.450000	0	4543331	0	2874573
63.600000	0	4543234	0	2874535
63.750000	0	4543325	0	2874206
63.900000	0	4543459	0	2874585
64.050000	0	4543283	0	2874795
64.200000	0	4543383	0	2874827
64.350000	0	4543225	0	2874507
64.500000	0	4543322	0	2874600
64.650000	0	4543156	0	2874662
64.800000	0	4543325	0	2874381
64.950000	0	4543136	0	2874603
65.100000	0	4543225	0	2874678
65.250000	0	4543250	0	2874423
65.400000	0	4543262	0	2874728
65.550000	0	4543195	0	2874321
65.700000	0	4543342	0	2874688
65.850000	0	4543341	0	2874486
66.000000	0	4543200	0	2874725
66.150000	0	4543159	0	2874699
66.300000	0	4543198	0	2874692
66.450000	0	4543304	0	2874666
66.600000	0	4543140	0	2874495
66.750000	0	4543263	0	2874693
66.900000	0	4543277	0	2874642
67.050000	0	4543143	0	2874634
67.200000	0	4543141	0	2874749
67.350000	0	4543304	0	2874656
67.500000	0	4543186	0	2874604
67.650000	0	4543336	0	2874665
67.800000	0	4543384	0	2874615
67.950000	0	4543327	0	2874728
68.100000	0	4543220	0	2874341
68.250000	0	4543176	0	2874717
68.400000	0	4543286	0	2874429
68.550000	0	4543094	0	2874862
68.700000	0	4543401	0	2874534
68.850000	0	4543173	0	2874541
69.000000	0	4543059	0	2874786
69.150000	0	4543112	0	2874762
69.300000	0	4543306	0	2874703
69.450000	0	4543456	0	2874484
69.600000	0	4543165	0	2874718
69.750000	0	4543372	0	2874789
69.900000	0	4543386	0	2874729
70.050000	0	4543118	0	2874657
70.200000	0	4543195	0	2874635
70.350000	0	4543151	0	2874667
70.500000	0	4543135	0	2874641
70.650000	0	4543258	0	2874708
70.800000	0	4543294	0	2874496
70.950000	0	4543316	0	2874508
71.100000	0	4543254	0	2874778
71.250000	0	4543298	0	2874869
71.400000	0	4543291	0	2874826
71.550000	0	4543026	0	2874647
71.700000	0	4543190	0	2874654
71.850000	0	4543232	0	2874513
72.000000	0	4543219	0	2874494
72.150000	0	4543410	0	2874530
72.300000	0	4543412	0	2874516
72.450000	0	4543362	0	2874359
72.600000	0	4543366	0	2874677
72.750000	0	4543331	0	2874825
72.900000	0	4543294	0	2874649
73.050000	0	4543350	0	2874460
73.200000	0	4543384	0	2874665
73.350000	0	4543240	0	2874578
73.500000	0	4543232	0	2874349
73.650000	0	4543274	0	2874748
73.800000	0	4543383	0	2874628
73.950000	0	4543297	0	2874455
74.100000	0	4543220	0	2874667
74.250000	0	4543392	0	2874574
74.400000	0	4543242	0	2874808
74.550000	0	4543381	0	2874781
74.700000	0	4543298	0	2874598
74.850000	0	4543227	0	2874367
75.000000	0	4543165	0	2874695
75.150000	0	4543297	0	2874468
75.300000	0	4543175	0	2874391
75.450000	0	4543222	0	2874490
75.600000	0	4543216	0	2874735
75.750000	0	4543272	0	2874535
75.900000	0	4543244	0	2874779
76.050000	0	4543283	0	2874614
76.200000	0	4543201	0	2874466
76.350000	0	4543181	0	2874474
76.500000	0	4543235	0	2874699
76.650000	0	4543170	0	2874381
76.800000	0	4543121	0	2874750
76.950000	0	4543364	0	2874459
77.100000	0	4543238	0	2874806
77.250000	0	4543190	0	2874408
77.400000	0	4543244	0	2874402
77.550000	0	4543339	0	2874546
77.700000	0	4543274	0	2874679
77.850000	0	4543413	0	2874344
78.000000	0	4543195	0	2874431
78.150000	0	4543532	0	2874491
78.300000	0	4543233	0	2874614
78.450000	0	4543396	0	2874767
78.600000	0	4543189	0	2874632
78.750000	0	4543335	0	2874678
78.900000	0	4543208	0	2874631
79.050000	0	4543321	0	2874546
79.200000	0	4543278	0	2874783
79.350000	0	4543356	0	2874629
79.500000	0	4543205	0	2874483
79.650000	0	4543302	0	2874771
79.800000	0	4543338	0	2874664
79.950000	0	4543301	0	2874512
80.100000	0	4543263	0	2874691
80.250000	0	4543349	0	2874613
80.400000	0	4543169	0	2874588
80.550000	0	4543225	0	2874377
80.700000	0	4543118	0	2874714
80.850000	0	4543237	0	2874782
81.000000	0	4543426	0	2874600
81.150000	0	4543443	0	2874466
81.300000	0	4543362	0	2874785
81.450000	0	4543350	0	2874404
81.600000	0	4543312	0	2874681
81.750000	0	4543485	0	2874630
81.900000	0	4543411	0	2874635
82.050000	0	4543221	0	2874423
82.200000	0	4543220	0	2874408
82.350000	0	4543338	0	2874796
82.500000	0	4543232	0	2874466
82.650000	0	4543432	0	2874582
82.800000	0	4543211	0	2874634
82.950000	0	4543213	0	2874464
83.100000	0	4543374	0	2874550
83.250000	0	4543316	0	2874705
83.400000	0	4543472	0	2874628
83.550000	0	4543251	0	2874799
83.700000	0	4543301	0	2874929
83.850000	0	4543200	0	2874616
84.000000	0	4543399	0	2874774
84.150000	0	4543255	0	2874407
84.300000	0	4543338	0	2874536
84.450000	0	4543253	0	2874676
84.600000	0	4543329	0	2874719
84.750000	0	4543235	0	2874341
84.900000	0	4543454	0	2874586
85.050000	0	4543307	0	2874748
85.200000	0	4543259	0	2874179
85.350000	0	4543366	0	2874638
85.500000	0	4543380	0	2874357
85.650000	0	4543275	0	2874731
85.800000	0	4543262	0	2874643
85.950000	0	4543303	0	2874795
86.100000	0	4543365	0	2874596
86.250000	0	4543428	0	2874758
86.400000	0	4543396	0	2874309
86.550000	0	4543409	0	2874512
86.700000	0	4543290	0	2874601
86.850000	0	4543307	0	2874398
87.000000	0	4543497	0	2874596
87.150000	0	4543352	0	2874623
87.300000	0	4543227	0	2874740
87.450000	0	4543244	0	2874792
87.600000	0	4543463	0	2874362
87.750000	0	4543348	0	2874466
87.900000	0	4543215	0	2874638
88.050000	0	4543286	0	2874234
88.200000	0	4543339	0	2874611
88.350000	0	4543171	0	2874273
88.500000	0	4543143	0	2874400
88.650000	0	4543407	0	2874491
88.800000	0	4543188	0	2874552
88.950000	0	4543233	0	2874587
89.100000	0	4543282	0	2874592
89.250000	0	4543349	0	2874577
89.400000	0	4543169	0	2874510
89.550000	0	4543370	0	2874896
89.700000	0	4543306	0	2874428
89.850000	0	4543254	0	2874875
90.000000	0	4543309	0	2874417
90.150000	0	4543367	0	2874625
90.300000	0	4543479	0	2874299
90.450000	0	4543383	0	2874459
90.600000	0	4543357	0	2874737
90.750000	0	4543252	0	2874418
90.900000	0	4543136	0	2874820
91.050000	0	4543266	0	2873979
91.200000	0	4543366	0	2874595
91.350000	0	4543371	0	2874442
91.500000	0	4543176	0	2874677
91.650000	0	4543305	0	2874305
91.800000	0	4543403	0	2874602
91.950000	0	4543481	0	2874684
92.100000	0	4543596	0	2874487
92.250000	0	4543423	0	2874912
92.400000	0	4543486	0	2874630
92.550000	0	4543284	0	2874599
92.700000	0	4543336	0	2874627
92.850000	0	4543394	0	2874592
93.000000	0	4543231	0	2874572
93.150000	0	4543383	0	2874150
93.300000	0	4543370	0	2874505
93.450000	0	4543239	0	2874458
93.600000	0	4543313	0	2874676
93.750000	0	4543369	0	2874594
93.900000	0	4543243	0	2874643
94.050000	0	4543338	0	2874576
94.200000	0	4543184	0	2874785
94.350000	0	4543269	0	2874409
94.500000	0	4543331	0	2874291
94.650000	0	4543243	0	2874635
94.800000	0	4543343	0	2874304
94.950000	0	4543350	0	2874566
95.100000	0	4543123	0	2874603
95.250000	0	4543259	0	2874554
95.400000	0	4543174	0	2874418
95.550000	0	4543397	0	2874667
95.700000	0	4543246	0	2874535
95.850000	0	4543191	0	2874521
96.000000	0	4543357	0	2874647
96.150000	0	4543306	0	2874370
96.300000	0	4543152	0	2874272
96.450000	0	4543023	0	2874311
96.600000	0	4543262	0	2874504
96.750000	0	4543258	0	2874506
96.900000	0	4543409	0	2874587
97.050000	0	4543196	0	2874440
97.200000	0	4543418	0	2874443
97.350000	0	4543226	0	2874379
97.500000	0	4543249	0	2874594
97.650000	0	4543226	0	2874361
97.800000	0	4543072	0	2874489
97.950000	0	4543271	0	2874675
98.100000	0	4543417	0	2874531
98.250000	0	4543179	0	2874579
98.400000	0	4543230	0	2874194
98.550000	0	4543172	0	2874900
98.700000	0	4543202	0	2874710
98.850000	0	4543333	0	2874672
99.000000	0	4543333	0	2874485
99.150000	0	4543406	0	2874617
99.300000	0	4543232	0	2874328
99.450000	0	4543159	0	2874451
99.600000	0	4543310	0	2874514
99.750000	0	4543227	0	2874549
99.900000	0	4543144	0	2874384
100.050000	0	4543212	0	2874603
100.200000	0	4543200	0	2874481
100.350000	0	4543168	0	2874338
100.500000	0	4543255	0	2874582
100.650000	0	4543283	0	2874435
100.800000	0	4543302	0	2874378
100.950000	0	4543425	0	2874554
101.100000	0	4543100	0	2874342
101.250000	0	4543171	0	2874373
101.400000	0	4543445	0	2874502
101.550000	0	4543138	0	2874537
101.700000	0	4543215	0	2874688
101.850000	0	4543147	0	2874438
102.000000	0	4543365	0	2874650
102.150000	0	4543368	0	2874524
102.300000	0	4543287	0	2874394
102.450000	0	4543418	0	2874518
102.600000	0	4543205	0	2874500
102.750000	0	4543403	0	2874622
102.900000	0	4543266	0	2874619
103.050000	0	4543303	0	2874653
103.200000	0	4543269	0	2874451
103.350000	0	4543221	0	2874445
103.500000	0	4543152	0	2874469
103.650000	0	4543329	0	2874255
103.800000	0	4543419	0	2874328
103.950000	0	4543383	0	2874623
104.100000	0	4543091	0	2874398
104.250000	0	4543378	0	2874444
104.400000	0	4543190	0	2874572
104.550000	0	4543267	0	2874265
104.700000	0	4543223	0	2874431
104.850000	0	4543282	0	2874156
105.000000	0	4543239	0	2874349
105.150000	0	4543199	0	2874757
105.300000	0	4543234	0	2874213
105.450000	0	4543069	0	2874666
105.600000	0	4543143	0	2874661
105.750000	0	4543165	0	2874475
105.900000	0	4543457	0	2874146
106.050000	0	4543241	0	2874539
106.200000	0	4543235	0	2874414
106.350000	0	4543306	0	2874367
106.500000	0	4543165	0	2874308
106.650000	0	4543246	0	2874435
106.800000	0	4543206	0	2874573
106.950000	0	4543289	0	2874424
107.100000	0	4543226	0	2874532
107.250000	0	4543105	0	2874356
107.400000	0	4543225	0	2874237
107.550000	0	4543234	0	2874252
107.700000	0	4543284	0	2874354
107.850000	0	4543311	0	2874199
108.000000	0	4543196	0	2874463
108.150000	0	4543066	0	2874427
108.300000	0	4543017	0	2874509
108.450000	0	4543297	0	2874612
108.600000	0	4543166	0	2874432
108.750000	0	4543345	0	2874463
108.900000	0	4543358	0	2874304
109.050000	0	4543301	0	2874503
109.200000	0	4543119	0	2874607
109.350000	0	4543432	0	2874335
109.500000	0	4543357	0	2874522
109.650000	0	4543319	0	2874380
109.800000	0	4543024	0	2874623
109.950000	0	4543333	0	2874441
110.100000	0	4543298	0	2874629
110.250000	0	4543368	0	2874374
110.400000	0	4543427	0	2874543
110.550000	0	4543354	0	2874538
110.700000	0	4543146	0	2874394
110.850000	0	4543283	0	2874722
111.000000	0	4543193	0	2874436
111.150000	0	4543395	0	2874658
111.300000	0	4543308	0	2874281
111.450000	0	4543345	0	2874544
111.600000	0	4543257	0	2874426
111.750000	0	4543310	0	2874695
111.900000	0	4543480	0	2874318
112.050000	0	4543348	0	2874767
112.200000	0	4543295	0	2874691
112.350000	0	4543227	0	2874471
112.500000	0	4543118	0	2874453
112.650000	0	4543290	0	2874405
112.800000	0	4543177	0	2874681
112.950000	0	4543294	0	2874532
113.100000	0	4543156	0	2874449
113.250000	0	4543448	0	2874727
113.400000	0	4543365	0	2874503
113.550000	0	4543342	0	2874507
113.700000	0	4543328	0	2874423
113.850000	0	4543436	0	2874334
114.000000	0	4543316	0	2874247
114.150000	0	4543354	0	2874392
114.300000	0	4543352	0	2874488
114.450000	0	4543324	0	2874509
114.600000	0	4543306	0	2874333
114.750000	0	4543364	0	2874508
114.900000	0	4543394	0	2874159
115.050000	0	4543219	0	2874502
115.200000	0	4543017	0	2874629
115.350000	0	4543144	0	2874589
115.500000	0	4543214	0	2874725
115.650000	0	4543369	0	2874400
115.800000	0	4543299	0	2874677
115.950000	0	4543331	0	2874250
116.100000	0	4543236	0	2874260
116.250000	0	4543187	0	2874502
116.400000	0	4543324	0	2874298
116.550000	0	4543375	0	2874307
116.700000	0	4543131	0	2874610
116.850000	0	4543161	0	2874336
117.000000	0	4543313	0	2874287
117.150000	0	4543159	0	2874537
117.300000	0	4543291	0	2874432
117.450000	0	4543315	0	2874440
117.600000	0	4543270	0	2874429
117.750000	0	4543292	0	2874355
117.900000	0	4543156	0	2874359
118.050000	0	4543311	0	2874572
118.200000	0	4543290	0	2874399
118.350000	0	4543098	0	2874402
118.500000	0	4543265	0	2874405
118.650000	0	4543307	0	2874301
118.800000	0	4543115	0	2874328
118.950000	0	4543277	0	2874411
119.100000	0	4543138	0	2874319
119.250000	0	4543344	0	2874363
119.400000	0	4543294	0	2874377
119.550000	0	4543291	0	2874405
119.700000	0	4543381	0	2874355
119.850000	0	4543317	0	2874376
120.000000	0	4543120	0	2874571
120.150000	0	4543325	0	2874679
120.300000	0	4543445	0	2874559
120.450000	0	4543396	0	2874385
120.600000	0	4543307	0	2874217
120.750000	0	4543250	0	2874577
120.900000	0	4543250	0	2874396
121.050000	0	4543418	0	2874377
121.200000	0	4543442	0	2874403
121.350000	0	4543340	0	2874150
121.500000	0	4543166	0	2874611
121.650000	0	4543437	0	2874398
121.800000	0	4543129	0	2874505
121.950000	0	4543220	0	2874383
122.100000	0	4543172	0	2874567
122.250000	0	4543120	0	2874318
122.400000	0	4543318	0	2874468
122.550000	0	4543241	0	2874422
122.700000	0	4543363	0	2874447
122.850000	0	4543289	0	2874261
123.000000	0	4543125	0	2874629
123.150000	0	4543145	0	2874391
123.300000	0	4543507	0	2874536
123.450000	0	4543434	0	2874370
123.600000	0	4543073	0	2874324
123.750000	0	4543308	0	2874285
123.900000	0	4543224	0	2874277
124.050000	0	4543298	0	2874380
124.200000	0	4543276	0	2874166
124.350000	0	4543278	0	2874287
124.500000	0	4543202	0	2874484
124.650000	0	4543175	0	2874471
124.800000	0	4543126	0	2874527
124.950000	0	4543409	0	2874533
125.100000	0	4543181	0	2874254
125.250000	0	4543019	0	2874673
125.400000	0	4543271	0	2874515
125.550000	0	4543047	0	2874309
125.700000	0	4543226	0	2874415
125.850000	0	4543234	0	2874448
126.000000	0	4543255	0	2874572
126.150000	0	4543300	0	2874615
126.300000	0	4543156	0	2874398
126.450000	0	4543212	0	2874297
126.600000	0	4543324	0	2874542
126.750000	0	4543224	0	2874418
126.900000	0	4543427	0	2874529
127.050000	0	4543289	0	2874407
127.200000	0	4543313	0	2874483
127.350000	0	4543152	0	2874325
127.500000	0	4543321	0	2874024
127.650000	0	4543350	0	2874316
127.800000	0	4543268	0	2874423
127.950000	0	4543343	0	2874395
128.100000	0	4543290	0	2874202
128.250000	0	4543280	0	2874219
128.400000	0	4543187	0	2874235
128.550000	0	4543288	0	2874491
128.700000	0	4543405	0	2874482
128.850000	0	4543289	0	2874497
129.000000	0	4543339	0	2874489
129.150000	0	4543226	0	2874440
129.300000	0	4543354	0	2874417
129.450000	0	4543387	0	2874411
129.600000	0	4543370	0	2874625
129.750000	0	4543231	0	2874387
129.900000	0	4543281	0	2874203
130.050000	0	4543282	0	2874326
130.200000	0	4543416	0	2874407
130.350000	0	4543165	0	2874656
130.500000	0	4543360	0	2874488
130.650000	0	4543459	0	2874293
130.800000	0	4543314	0	2874306
130.950000	0	4543428	0	2874208
131.100000	0	4543256	0	2874580
131.250000	0	4543353	0	2874530
131.400000	0	4543351	0	2874285
131.550000	0	4543210	0	2874206
131.700000	0	4543155	0	2874402
131.850000	0	4543197	0	2874418
132.000000	0	4543159	0	2874798
132.150000	0	4543209	0	2874527
132.300000	0	4543225	0	2874402
132.450000	0	4543104	0	2874512
132.600000	0	4543366	0	2874200
132.750000	0	4543271	0	2874393
132.900000	0	4543205	0	2874266
133.050000	0	4543305	0	2874572
133.200000	0	4543319	0	2874397
133.350000	0	4543263	0	2874092
133.500000	0	4543292	0	2874367
133.650000	0	4543338	0	2874491
133.800000	0	4543253	0	2874392
133.950000	0	4543381	0	2874131
134.100000	0	4543224	0	2874419
134.250000	0	4543217	0	2874596
134.400000	0	4543208	0	2874401
134.550000	0	4543259	0	2874372
134.700000	0	4543331	0	2874518
134.850000	0	4543078	0	2874421
135.000000	0	4543014	0	2874120
135.150000	0	4543333	0	2874374
135.300000	0	4543261	0	2874454
135.450000	0	4543112	0	2874389
135.600000	0	4543151	0	2874401
135.750000	0	4543211	0	2874305
135.900000	0	4543133	0	2874316
136.050000	0	4543233	0	2874111
136.200000	0	4543069	0	2874635
136.350000	0	4543132	0	2874353
136.500000	0	4543193	0	2874338
136.650000	0	4543182	0	2874156
136.800000	0	4543213	0	2874453
136.950000	0	4543059	0	2874085
137.100000	0	4543173	0	2874659
137.250000	0	4543214	0	2874445
137.400000	0	4543041	0	2874363
137.550000	0	4543255	0	2874323
137.700000	0	4543106	0	2874087
137.850000	0	4543147	0	2874591
138.000000	0	4543229	0	2874385
138.150000	0	4543204	0	2874267
138.300000	0	4543365	0	2874417
138.450000	0	4543305	0	2874700
138.600000	0	4543077	0	2874597
138.750000	0	4543275	0	2874293
138.900000	0	4543069	0	2874548
139.050000	0	4543286	0	2874227
139.200000	0	4543292	0	2874284
139.350000	0	4543129	0	2874286
139.500000	0	4543359	0	2874325
139.650000	0	4542955	0	2874690
139.800000	0	4543288	0	2874517
139.950000	0	4543225	0	2874000
140.100000	0	4543075	0	2874201
140.250000	0	4543065	0	2874058
140.400000	0	4543206	0	2874066
140.550000	0	4543243	0	2874357
140.700000	0	4543279	0	2874289
140.850000	0	4543219	0	2874580
141.000000	0	4543217	0	2874217
141.150000	0	4543269	0	2874260
141.300000	0	4543251	0	2874381
141.450000	0	4543173	0	2874422
141.600000	0	4543318	0	2874377
141.750000	0	4543159	0	2874630
141.900000	0	4543177	0	2874369
142.050000	0	4543334	0	2874109
142.200000	0	4543178	0	2874336
142.350000	0	4543283	0	2874221
142.500000	0	4543154	0	2874299
142.650000	0	4543288	0	2874214
142.800000	0	4543230	0	2874561
142.950000	0	4543066	0	2874282
143.100000	0	4543219	0	2874406
143.250000	0	4543238	0	2874216
143.400000	0	4543349	0	2874127
143.550000	0	4543164	0	2874284
143.700000	0	4543109	0	2874376
143.850000	0	4543238	0	2874172
144.000000	0	4543168	0	2874292
144.150000	0	4543119	0	2874544
144.300000	0	4543216	0	2874165
144.450000	0	4543014	0	2874044
144.600000	0	4543179	0	2874222
144.750000	0	4543081	0	2874633
144.900000	0	4543206	0	2874281
145.050000	0	4543198	0	2874120
145.200000	0	4543144	0	2874436
145.350000	0	4543239	0	2874346
145.500000	0	4543071	0	2874468
145.650000	0	4542920	0	2874130
145.800000	0	4543031	0	2874423
145.950000	0	4543240	0	2874304
146.100000	0	4543246	0	2874336
146.250000	0	4543011	0	2874249
146.400000	0	4542970	0	2874193
146.550000	0	4543013	0	2874548
146.700000	0	4543225	0	2873976
146.850000	0	4543186	0	2874354
147.000000	0	4542987	0	2873985
147.150000	0	4543101	0	2874345
147.300000	0	4543192	0	2874177
147.450000	0	4543078	0	2874371
147.600000	0	4543132	0	2874370
147.750000	0	4543129	0	2874274
147.900000	0	4542979	0	2874474
148.050000	0	4543159	0	2874089
148.200000	0	4543210	0	2874125
148.350000	0	4542901	0	2874344
148.500000	0	4543214	0	2874208
148.650000	0	4543101	0	2874400
148.800000	0	4543245	0	2874074
148.950000	0	4543200	0	2874368
149.100000	0	4543046	0	2874288
149.250000	0	4543080	0	2874326
149.400000	0	4543163	0	2874200
149.550000	0	4543093	0	2874257
149.700000	0	4543235	0	2874220
149.850000	0	4543144	0	2874580
150.000000	0	4543173	0	2874126
150.150000	0	4543043	0	2874084
150.300000	0	4543114	0	2874150
150.450000	0	4543084	0	2874298
150.600000	0	4543223	0	2874453
150.750000	0	4543217	0	2874281
150.900000	0	4543161	0	2874090
151.050000	0	4543189	0	2874516
151.200000	0	4543035	0	2874374
151.350000	0	4543161	0	2874376
151.500000	0	4543076	0	2874342
151.650000	0	4543128	0	2874449
151.800000	0	4543099	0	2874353
151.950000	0	4543159	0	2874617
152.100000	0	4543222	0	2874220
152.250000	0	4543077	0	2874228
152.400000	0	4543290	0	2874584
152.550000	0	4543069	0	2874864
152.700000	0	4543267	0	2874107
152.850000	0	4543125	0	2874177
153.000000	0	4543112	0	2874219
153.150000	0	4543066	0	2874385
153.300000	0	4543167	0	2874563
153.450000	0	4543373	0	2874340
153.600000	0	4543191	0	2874077
153.750000	0	4543113	0	2874318
153.900000	0	4542989	0	2874111
154.050000	0	4543043	0	2874208
154.200000	0	4543231	0	2874400
154.350000	0	4543096	0	2874225
154.500000	0	4543169	0	2874232
154.650000	0	4543060	0	2874232
154.800000	0	4543106	0	2874227
154.950000	0	4543316	0	2874250
155.100000	0	4543177	0	2874359
155.250000	0	4543281	0	2874396
155.400000	0	4543104	0	2874314
155.550000	0	4543231	0	2874226
155.700000	0	4543063	0	2874526
155.850000	0	4543107	0	2874429
156.000000	0	4543154	0	2874387
156.150000	0	4543234	0	2874331
156.300000	0	4543237	0	2874080
156.450000	0	4543081	0	2874383
156.600000	0	4543311	0	2874297
156.750000	0	4543039	0	2874137
156.900000	0	4543084	0	2874491
157.050000	0	4543207	0	2874017
157.200000	0	4543193	0	2874022
157.350000	0	4543092	0	2874531
157.500000	0	4542972	0	2874026
157.650000	0	4543107	0	2874142
157.800000	0	4543233	0	2874352
157.950000	0	4543205	0	2874293
158.100000	0	4543121	0	2874328
158.250000	0	4543236	0	2874310
158.400000	0	4543125	0	2874549
158.550000	0	4543146	0	2874243
158.700000	0	4543210	0	2874246
158.850000	0	4543291	0	2874072
159.000000	0	4543268	0	2874327
159.150000	0	4543186	0	2874380
159.300000	0	4543176	0	2874112
159.450000	0	4543212	0	2874233
159.600000	0	4543126	0	2874080
159.750000	0	4543179	0	2874404
159.900000	0	4542988	0	2874174
160.050000	0	4543117	0	2874274
160.200000	0	4543188	0	2874408
160.350000	0	4543037	0	2874337
160.500000	0	4543234	0	2874306
160.650000	0	4543069	0	2874196
160.800000	0	4543304	0	2874446
160.950000	0	4543129	0	2874244
161.100000	0	4543281	0	2874491
161.250000	0	4543155	0	2874070
161.400000	0	4543186	0	2874412
161.550000	0	4543159	0	2874516
161.700000	0	4543370	0	2874104
161.850000	0	4543194	0	2874371
162.000000	0	4543253	0	2874141
162.150000	0	4543299	0	2874192
162.300000	0	4543069	0	2874507
162.450000	0	4543180	0	2874553
162.600000	0	4543206	0	2874093
162.750000	0	4543147	0	2874336
162.900000	0	4543361	0	2873923
163.050000	0	4543104	0	2874333
163.200000	0	4543216	0	2874247
163.350000	0	4543016	0	2874349
163.500000	0	4543311	0	2874632
163.650000	0	4543153	0	2874406
163.800000	0	4543280	0	2874242
163.950000	0	4543040	0	2874295
164.100000	0	4543208	0	2874243
164.250000	0	4543097	0	2874302
164.400000	0	4543125	0	2874291
164.550000	0	4543236	0	2874296
164.700000	0	4543002	0	2874176
164.850000	0	4543043	0	2874070
165.000000	0	4543151	0	2874220
165.150000	0	4543232	0	2874171
165.300000	0	4543123	0	2874083
165.450000	0	4543062	0	2874159
165.600000	0	4543257	0	2874073
165.750000	0	4543126	0	2874402
165.900000	0	4543218	0	2874178
166.050000	0	4543218	0	2873997
166.200000	0	4543329	0	2874197
166.350000	0	4543106	0	2874018
166.500000	0	4543209	0	2874170
166.650000	0	4543382	0	2874143
166.800000	0	4543289	0	2874258
166.950000	0	4543159	0	2874140
167.100000	0	4543087	0	2874340
167.250000	0	4542998	0	2874241
167.400000	0	4543158	0	2874484
167.550000	0	4543209	0	2874292
167.700000	0	4543184	0	2874288
167.850000	0	4543104	0	2874281
168.000000	0	4543211	0	2874379
168.150000	0	4543054	0	2874320
168.300000	0	4542889	0	2874449
168.450000	0	4543225	0	2873945
168.600000	0	4543054	0	2874053
168.750000	0	4543083	0	2874312
168.900000	0	4543299	0	2874245
169.050000	0	4543034	0	2874355
169.200000	0	4543062	0	2874393
169.350000	0	4543250	0	2874447
169.500000	0	4543203	0	2874405
169.650000	0	4543280	0	2874383
169.800000	0	4543242	0	2874241
169.950000	0	4543098	0	2874507
170.100000	0	4543221	0	2874142
170.250000	0	4543247	0	2873966
170.400000	0	4543096	0	2873806
170.550000	0	4543149	0	2874273
170.700000	0	4543203	0	2874294
170.850000	0	4543252	0	2874148
171.000000	0	4543346	0	2874340
171.150000	0	4543305	0	2874471
171.300000	0	4543150	0	2874223
171.450000	0	4543148	0	2874453
171.600000	0	4543139	0	2874462
171.750000	0	4543166	0	2874356
171.900000	0	4543246	0	2874197
172.050000	0	4543246	0	2874392
172.200000	0	4543187	0	2874230
172.350000	0	4543078	0	2874097
172.500000	0	4543116	0	2874181
172.650000	0	4543167	0	2874318
172.800000	0	4543233	0	2874192
172.950000	0	4543248	0	2874250
173.100000	0	4543406	0	2874282
173.250000	0	4543240	0	2874310
173.400000	0	4543066	0	2874345
173.550000	0	4543120	0	2874275
173.700000	0	4543171	0	2874112
173.850000	0	4543152	0	2874519
174.000000	0	4543120	0	2874253
174.150000	0	4543092	0	2874406
174.300000	0	4543182	0	2874380
174.450000	0	4543215	0	2874137
174.600000	0	4543167	0	2874330
174.750000	0	4543266	0	2874612
174.900000	0	4543193	0	2874300
175.050000	0	4543241	0	2874177
175.200000	0	4543077	0	2874215
175.350000	0	4543090	0	2874429
175.500000	0	4543096	0	2873990
175.650000	0	4543034	0	2874525
175.800000	0	4543169	0	2874436
175.950000	0	4543201	0	2874301
176.100000	0	4543172	0	2874180
176.250000	0	4543198	0	2874374
176.400000	0	4543240	0	2874274
176.550000	0	4543237	0	2874580
176.700000	0	4543255	0	2874267
176.850000	0	4543280	0	2874403
177.000000	0	4543123	0	2874373
177.150000	0	4543118	0	2874121
177.300000	0	4543106	0	2874213
177.450000	0	4543049	0	2874383
177.600000	0	4543104	0	2874449
177.750000	0	4543250	0	2874191
177.900000	0	4543095	0	2874092
178.050000	0	4543322	0	2874032
178.200000	0	4543049	0	2874080
178.350000	0	4543402	0	2874173
178.500000	0	4543117	0	2874260
178.650000	0	4543135	0	2874350
178.800000	0	4543207	0	2874273
178.950000	0	4543042	0	2874318
179.100000	0	4543231	0	2874584
179.250000	0	4543050	0	2874137
179.400000	0	4543186	0	2874429
179.550000	0	4543211	0	2874306
179.700000	0	4543189	0	2874241
179.850000	0	4543012	0	2874245
180.000000	0	4543243	0	2874401
180.150000	0	4543212	0	2874523
180.300000	0	4543121	0	2874155
180.450000	0	4543197	0	2874089
180.600000	0	4543321	0	2874362
180.750000	0	4543173	0	2874334
180.900000	0	4543092	0	2874464
181.050000	0	4543050	0	2874131
181.200000	0	4543230	0	2874260
181.350000	0	4543231	0	2874060
181.500000	0	4543125	0	2874072
181.650000	0	4543152	0	2874175
181.800000	0	4543315	0	2874023
181.950000	0	4543233	0	2874161
182.100000	0	4543168	0	2874502
182.250000	0	4543217	0	2874136
182.400000	0	4543410	0	2874371
182.550000	0	4543039	0	2874460
182.700000	0	4543096	0	2874160
182.850000	0	4543270	0	2874171
183.000000	0	4543176	0	2874185
183.150000	0	4543255	0	2874477
183.300000	0	4543214	0	2874152
183.450000	0	4543171	0	2874081
183.600000	0	4543080	0	2874247
183.750000	0	4543173	0	2874191
183.900000	0	4543156	0	2874337
184.050000	0	4543075	0	2874377
184.200000	0	4543323	0	2874262
184.350000	0	4543204	0	2874103
184.500000	0	4543088	0	2874339
184.650000	0	4543138	0	2874363
184.800000	0	4543000	0	2874005
184.950000	0	4543233	0	2874300
185.100000	0	4543077	0	2874127
185.250000	0	4543136	0	2874208
185.400000	0	4543121	0	2874225
185.550000	0	4543246	0	2874428
185.700000	0	4543294	0	2874461
185.850000	0	4543359	0	2874051
186.000000	0	4542997	0	2874293
186.150000	0	4543083	0	2874035
186.300000	0	4543198	0	2874260
186.450000	0	4543196	0	2874094
186.600000	0	4543122	0	2874474
186.750000	0	4543065	0	2874310
186.900000	0	4542966	0	2874243
187.050000	0	4543089	0	2874664
187.200000	0	4543078	0	2874364
187.350000	0	4543393	0	2874291
187.500000	0	4543304	0	2874087
187.650000	0	4543030	0	2874231
187.800000	0	4543043	0	2874200
187.950000	0	4543383	0	2874247
188.100000	0	4543151	0	2874545
188.250000	0	4543217	0	2873991
188.400000	0	4543432	0	2874053
188.550000	0	4543261	0	2874366
188.700000	0	4543385	0	2874164
188.850000	0	4543250	0	2874485
189.000000	0	4543137	0	2874247
189.150000	0	4543332	0	2874413
189.300000	0	4543111	0	2874158
189.450000	0	4543133	0	2874369
189.600000	0	4543217	0	2874297
189.750000	0	4543174	0	2874816
189.900000	0	4543132	0	2874094
190.050000	0	4543245	0	2874233
190.200000	0	4543231	0	2874391
190.350000	0	4543268	0	2874132
190.500000	0	4543202	0	2874428
190.650000	0	4543154	0	2874202
190.800000	0	4543115	0	2874432
190.950000	0	4543143	0	2874225
191.100000	0	4543059	0	2874168
191.250000	0	4543313	0	2873916
191.400000	0	4543302	0	2874151
191.550000	0	4543326	0	2874373
191.700000	0	4543143	0	2874300
191.850000	0	4543115	0	2874310
192.000000	0	4543030	0	2874434
192.150000	0	4543181	0	2874327
192.300000	0	4543307	0	2874240
192.450000	0	4543101	0	2874217
192.600000	0	4543216	0	2874259
192.750000	0	4543215	0	2874453
192.900000	0	4543187	0	2874758
193.050000	0	4543291	0	2874352
193.200000	0	4543182	0	2874546
193.350000	0	4543147	0	2874205
193.500000	0	4543254	0	2874445
193.650000	0	4543090	0	2874255
193.800000	0	4543141	0	2874262
193.950000	0	4543058	0	2874415
194.100000	0	4543200	0	2874538
194.250000	0	4543162	0	2874395
194.400000	0	4543268	0	2874270
194.550000	0	4543168	0	2874304
194.700000	0	4543089	0	2874069
194.850000	0	4543299	0	2874160
195.000000	0	4543126	0	2874362
195.150000	0	4543328	0	2874290
195.300000	0	4543098	0	2874219
195.450000	0	4543178	0	2874541
195.600000	0	4543365	0	2874301
195.750000	0	4543302	0	2874449
195.900000	0	4543135	0	2874218
196.050000	0	4543306	0	2874267
196.200000	0	4543153	0	2874486
196.350000	0	4543276	0	2874524
196.500000	0	4543341	0	2874516
196.650000	0	4543291	0	2874241
196.800000	0	4543230	0	2874382
196.950000	0	4543138	0	2874130
197.100000	0	4543066	0	2874191
197.250000	0	4543250	0	2874419
197.400000	0	4543129	0	2874197
197.550000	0	4543143	0	2874116
197.700000	0	4543235	0	2874115
197.850000	0	4543150	0	2874300
198.000000	0	4543080	0	2874082
198.150000	0	4543424	0	2874120
198.300000	0	4543215	0	2874241
198.450000	0	4543287	0	2874337
198.600000	0	4543427	0	2874192
198.750000	0	4543268	0	2874538
198.900000	0	4543261	0	2874051
199.050000	0	4543482	0	2874253
199.200000	0	4543232	0	2874344
199.350000	0	4543286	0	2874336
199.500000	0	4543162	0	2874399
199.650000	0	4543275	0	2874132
199.800000	0	4543215	0	2874250
199.950000	0	4543403	0	2873972
200.100000	0	4543398	0	2874490
200.250000	0	4543329	0	2874217
200.400000	0	4543232	0	2874329
200.550000	0	4543112	0	2874501
200.700000	0	4543053	0	2874265
200.850000	0	4543154	0	2874477
201.000000	0	4543236	0	2874431
201.150000	0	4543187	0	2874145
201.300000	0	4543312	0	2874169
201.450000	0	4543184	0	2873975
201.600000	0	4543253	0	2874220
201.750000	0	4543107	0	2874311
201.900000	0	4543342	0	2874287
202.050000	0	4543358	0	2874305
202.200000	0	4543157	0	2873963
202.350000	0	4543260	0	2874329
202.500000	0	4543223	0	2874185
202.650000	0	4543238	0	2874309
202.800000	0	4543153	0	2874281
202.950000	0	4543326	0	2874082
203.100000	0	4543137	0	2874375
203.250000	0	4543156	0	2874111
203.400000	0	4543093	0	2874059
203.550000	0	4543118	0	2874217
203.700000	0	4543170	0	2874260
203.850000	0	4543383	0	2874345
204.000000	0	4543125	0	2874154
204.150000	0	4543296	0	2874037
204.300000	0	4543289	0	2874335
204.450000	0	4543118	0	2874389
204.600000	0	4543177	0	2874202
204.750000	0	4543221	0	2874198
204.900000	0	4543426	0	2874287
205.050000	0	4543253	0	2874115
205.200000	0	4542972	0	2874414
205.350000	0	4543176	0	2873907
205.500000	0	4543263	0	2874336
205.650000	0	4543327	0	2874400
205.800000	0	4543286	0	2874279
205.950000	0	4543201	0	2874266
206.100000	0	4543111	0	2874285
206.250000	0	4543173	0	2874103
206.400000	0	4543291	0	2874298
206.550000	0	4543101	0	2874079
206.700000	0	4543142	0	2874514
206.850000	0	4543173	0	2874424
207.000000	0	4543162	0	2874412
207.150000	0	4543318	0	2874119
207.300000	0	4543238	0	2874386
207.450000	0	4543273	0	2874348
207.600000	0	4543140	0	2874285
207.750000	0	4543144	0	2874130
207.900000	0	4543255	0	2874202
208.050000	0	4543259	0	2874481
208.200000	0	4543469	0	2874312
208.350000	0	4543139	0	2874183
208.500000	0	4543244	0	2874251
208.650000	0	4543346	0	2874390
208.800000	0	4543223	0	2874377
208.950000	0	4543207	0	2874397
209.100000	0	4543270	0	2874349
209.250000	0	4543181	0	2874304
209.400000	0	4543219	0	2874022
209.550000	0	4543080	0	2874132
209.700000	0	4543296	0	2874195
209.850000	0	4543274	0	2873909
210.000000	0	4543311	0	2874248
210.150000	0	4543259	0	2874558
210.300000	0	4543158	0	2874250
210.450000	0	4543024	0	2874253
210.600000	0	4543180	0	2874337
210.750000	0	4543341	0	2874115
210.900000	0	4543368	0	2874390
211.050000	0	4543102	0	2874112
211.200000	0	4543350	0	2874201
211.350000	0	4543129	0	2874157
211.500000	0	4543213	0	2874474
211.650000	0	4543318	0	2874326
211.800000	0	4543246	0	2874053
211.950000	0	4543199	0	2874161
212.100000	0	4543185	0	2874333
212.250000	0	4542998	0	2874256
212.400000	0	4543160	0	2874226
212.550000	0	4543096	0	2874151
212.700000	0	4543217	0	2874237
212.850000	0	4543145	0	2874377
213.000000	0	4543196	0	2874349
213.150000	0	4543338	0	2874245
213.300000	0	4543244	0	2874276
213.450000	0	4543153	0	2874295
213.600000	0	4543130	0	2874237
213.750000	0	4543204	0	2874107
213.900000	0	4543206	0	2874124
214.050000	0	4543144	0	2874110
214.200000	0	4543153	0	2874060
214.350000	0	4543273	0	2874148
214.500000	0	4543348	0	2874072
214.650000	0	4543259	0	2874102
214.800000	0	4543200	0	2874150
214.950000	0	4543232	0	2874215
215.100000	0	4543272	0	2874295
215.250000	0	4543191	0	2874240
215.400000	0	4543131	0	2874165
215.550000	0	4543260	0	2874539
215.700000	0	4543101	0	2874333
215.850000	0	4543066	0	2874090
216.000000	0	4543175	0	2874182
216.150000	0	4543132	0	2874158
216.300000	0	4543244	0	2874473
216.450000	0	4543150	0	2874039
216.600000	0	4543223	0	2874281
216.750000	0	4543173	0	2874123
216.900000	0	4543124	0	2873906
217.050000	0	4543133	0	2874145
217.200000	0	4543249	0	2874223
217.350000	0	4543086	0	2874364
217.500000	0	4543027	0	2874432
217.650000	0	4543173	0	2874393
217.800000	0	4543094	0	2874230
217.950000	0	4543175	0	2874137
218.100000	0	4543063	0	2874063
218.250000	0	4543176	0	2874452
218.400000	0	4543105	0	2873994
218.550000	0	4543125	0	2874338
218.700000	0	4543306	0	2874092
218.850000	0	4542956	0	2874040
219.000000	0	4543181	0	2874548
219.150000	0	4543171	0	2873958
219.300000	0	4543205	0	2874347
219.450000	0	4543108	0	2874226
219.600000	0	4543243	0	2874138
219.750000	0	4543126	0	2874167
219.900000	0	4543216	0	2874320
220.050000	0	4543077	0	2874257
220.200000	0	4543115	0	2874144
220.350000	0	4543020	0	2874169
220.500000	0	4543159	0	2873967
220.650000	0	4543276	0	2874199
220.800000	0	4543266	0	2874248
220.950000	0	4543128	0	2874387
221.100000	0	4543250	0	2873966
221.250000	0	4543363	0	2874202
221.400000	0	4543305	0	2874431
221.550000	0	4543083	0	2874375
221.700000	0	4543145	0	2874175
221.850000	0	4543052	0	2874170
222.000000	0	4543215	0	2874121
222.150000	0	4543212	0	2874335
222.300000	0	4543136	0	2874392
222.450000	0	4543295	0	2874519
222.600000	0	4543030	0	2874115
222.750000	0	4543193	0	2874041
222.900000	0	4543233	0	2874054
223.050000	0	4543109	0	2874193
223.200000	0	4543156	0	2874077
223.350000	0	4543129	0	2874294
223.500000	0	4543110	0	2874160
223.650000	0	4543242	0	2874217
223.800000	0	4543290	0	2874047
223.950000	0	4543190	0	2874286
224.100000	0	4543091	0	2874492
224.250000	0	4542975	0	2874099
224.400000	0	4543029	0	2874383
224.550000	0	4543274	0	2874196
224.700000	0	4543020	0	2873869
224.850000	0	4543159	0	2874147
225.000000	0	4543374	0	2874242
225.150000	0	4543204	0	2874229
225.300000	0	4543140	0	2874231
225.450000	0	4543340	0	2874285
225.600000	0	4543178	0	2874243
225.750000	0	4543210	0	2874249
225.900000	0	4543164	0	2874303
226.050000	0	4543164	0	2874276
226.200000	0	4543199	0	2874371
226.350000	0	4543254	0	2873995
226.500000	0	4543306	0	2874251
226.650000	0	4543101	0	2874236
226.800000	0	4543198	0	2874080
226.950000	0	4543212	0	2874159
227.100000	0	4543249	0	2874404
227.250000	0	4543190	0	2874235
227.400000	0	4543249	0	2874103
227.550000	0	4543216	0	2874082
227.700000	0	4543201	0	2874396
227.850000	0	4543374	0	2874399
228.000000	0	4543234	0	2874310
228.150000	0	4543346	0	2874145
228.300000	0	4543020	0	2874526
228.450000	0	4543226	0	2874452
228.600000	0	4543277	0	2874262
228.750000	0	4543318	0	2874006
228.900000	0	4543162	0	2874084
229.050000	0	4543165	0	2874536
229.200000	0	4543275	0	2874351
229.350000	0	4543228	0	2874203
229.500000	0	4543299	0	2874229
229.650000	0	4543215	0	2874055
229.800000	0	4543202	0	2874311
229.950000	0	4543134	0	2874295
230.100000	0	4543170	0	2874117
230.250000	0	4543137	0	2874152
230.400000	0	4543216	0	2874026
230.550000	0	4543212	0	2874330
230.700000	0	4543033	0	2874358
230.850000	0	4543360	0	2873893
231.000000	0	4543277	0	2874167
231.150000	0	4543215	0	2874083
231.300000	0	4543242	0	2873985
231.450000	0	4543357	0	2874170
231.600000	0	4543179	0	2873934
231.750000	0	4543151	0	2874290
231.900000	0	4543176	0	2874036
232.050000	0	4543238	0	2874257
232.200000	0	4543083	0	2873972
232.350000	0	4543089	0	2874284
232.500000	0	4543139	0	2874172
232.650000	0	4543120	0	2874210
232.800000	0	4543256	0	2874172
232.950000	0	4543069	0	2874067
233.100000	0	4543284	0	2874106
233.250000	0	4543173	0	2874273
233.400000	0	4543077	0	2874257
233.550000	0	4543113	0	2874234
233.700000	0	4543062	0	2874237
233.850000	0	4543036	0	2874453
234.000000	0	4543173	0	2874201
234.150000	0	4543283	0	2874156
234.300000	0	4543093	0	2874280
234.450000	0	4543122	0	2874175
234.600000	0	4543247	0	2874191
234.750000	0	4543256	0	2874194
234.900000	0	4543406	0	2874140
235.050000	0	4543120	0	2874374
235.200000	0	4543192	0	2874074
235.350000	0	4543219	0	2873848
235.500000	0	4543091	0	2874362
235.650000	0	4543115	0	2874168
235.800000	0	4543131	0	2874163
235.950000	0	4543282	0	2874317
236.100000	0	4543276	0	2874126
236.250000	0	4543308	0	2874225
236.400000	0	4543196	0	2873995
236.550000	0	4543253	0	2874168
236.700000	0	4543126	0	2874157
236.850000	0	4543065	0	2874087
237.000000	0	4543350	0	2874280
237.150000	0	4543012	0	2874183
237.300000	0	4543248	0	2874018
237.450000	0	4543194	0	2874123
237.600000	0	4543218	0	2874244
237.750000	0	4543270	0	2874103
237.900000	0	4543271	0	2874033
238.050000	0	4543072	0	2874368
238.200000	0	4543145	0	2873896
238.350000	0	4543076	0	2874232
238.500000	0	4543232	0	2873990
238.650000	0	4543229	0	2873888
238.800000	0	4543142	0	2874155
238.950000	0	4543135	0	2874028
239.100000	0	4543214	0	2873970
239.250000	0	4543077	0	2874449
239.400000	0	4543189	0	2874193
239.550000	0	4543147	0	2873961
239.700000	0	4543198	0	2873941
239.850000	0	4543218	0	2874336
240.000000	0	4543169	0	2874204
240.150000	0	4543239	0	2874459
240.300000	0	4543242	0	2874105
240.450000	0	4543223	0	2873977
240.600000	0	4543029	0	2874407
240.750000	0	4543236	0	2873957
240.900000	0	4543205	0	2874012
241.050000	0	4543135	0	2874306
241.200000	0	4543238	0	2874203
241.350000	0	4543330	0	2874173
241.500000	0	4543208	0	2874096
241.650000	0	4543146	0	2874330
241.800000	0	4543145	0	2874163
241.950000	0	4543204	0	2874379
242.100000	0	4543310	0	2874296
242.250000	0	4543276	0	2874107
242.400000	0	4543437	0	2874544
242.550000	0	4543104	0	2874064
242.700000	0	4543137	0	2874080
242.850000	0	4543407	0	2874182
243.000000	0	4543151	0	2874105
243.150000	0	4543204	0	2874343
243.300000	0	4543183	0	2874610
243.450000	0	4543125	0	2874156
243.600000	0	4543130	0	2874267
243.750000	0	4543150	0	2874132
243.900000	0	4543282	0	2874214
244.050000	0	4543194	0	2874392
244.200000	0	4543303	0	2874309
244.350000	0	4543418	0	2874176
244.500000	0	4543241	0	2874254
244.650000	0	4543239	0	2874053
244.800000	0	4543206	0	2874235
244.950000	0	4543386	0	2874150
245.100000	0	4543240	0	2874528
245.250000	0	4543410	0	2874065
245.400000	0	4543303	0	2874132
245.550000	0	4543133	0	2874279
245.700000	0	4543135	0	2874216
245.850000	0	4543099	0	2874026
246.000000	0	4543145	0	2873997
246.150000	0	4542992	0	2874280
246.300000	0	4543296	0	2874096
246.450000	0	4543244	0	2874216
246.600000	0	4543364	0	2874495
246.750000	0	4543252	0	2874092
246.900000	0	4543180	0	2874460
247.050000	0	4543143	0	2874146
247.200000	0	4543191	0	2874569
247.350000	0	4543241	0	2874255
247.500000	0	4543040	0	2874433
247.650000	0	4543200	0	2874099
247.800000	0	4543055	0	2874338
247.950000	0	4543352	0	2874397
248.100000	0	4543356	0	2874206
248.250000	0	4543147	0	2874317
248.400000	0	4543135	0	2874475
248.550000	0	4543173	0	2874415
248.700000	0	4543349	0	2874032
248.850000	0	4543195	0	2874448
249.000000	0	4543267	0	2874285
249.150000	0	4543236	0	2873961
249.300000	0	4543196	0	2874472
249.450000	0	4543300	0	2874261
249.600000	0	4543267	0	2874335
249.750000	0	4543239	0	2874427
249.900000	0	4543301	0	2874262
250.050000	0	4543151	0	2874423
250.200000	0	4542972	0	2874078
250.350000	0	4543152	0	2874175
250.500000	0	4543355	0	2874244
250.650000	0	4543244	0	2874391
250.800000	0	4543196	0	2874298
250.950000	0	4543353	0	2874166
251.100000	0	4543235	0	2874380
251.250000	0	4543153	0	2874555
251.400000	0	4543157	0	2873937
251.550000	0	4543191	0	2873992
251.700000	0	4543147	0	2874341
251.850000	0	4543149	0	2874385
252.000000	0	4543070	0	2874056
252.150000	0	4543308	0	2874356
252.300000	0	4543135	0	2874334
252.450000	0	4543436	0	2874176
252.600000	0	4543253	0	2874272
252.750000	0	4543302	0	2874079
252.900000	0	4543205	0	2874111
253.050000	0	4543395	0	2874263
253.200000	0	4543108	0	2874064
253.350000	0	4543307	0	2874373
253.500000	0	4543240	0	2874163
253.650000	0	4543097	0	2874032
253.800000	0	4543293	0	2874151
253.950000	0	4543333	0	2874027
254.100000	0	4543323	0	2874172
254.250000	0	4542981	0	2874454
254.400000	0	4543311	0	2874322
254.550000	0	4543138	0	2874363
254.700000	0	4543287	0	2874135
254.850000	0	4543398	0	2874068
255.000000	0	4543269	0	2874300
255.150000	0	4543155	0	2874318
255.300000	0	4543186	0	2874224
255.450000	0	4543191	0	2874085
255.600000	0	4543218	0	2874196
255.750000	0	4543433	0	2874109
255.900000	0	4543122	0	2874395
256.050000	0	4543324	0	2874358
256.200000	0	4543275	0	2874031
256.350000	0	4543259	0	2874219
256.500000	0	4543198	0	2874336
256.650000	0	4543107	0	2874241
256.800000	0	4543360	0	2874308
256.950000	0	4543345	0	2874628
257.100000	0	4543291	0	2874391
257.250000	0	4543205	0	2874228
257.400000	0	4543260	0	2874172
257.550000	0	4543464	0	2874179
257.700000	0	4543232	0	2874264
257.850000	0	4543249	0	2874284
258.000000	0	4543169	0	2874202
258.150000	0	4543352	0	2874260
258.300000	0	4543415	0	2874235
258.450000	0	4543278	0	2874366
258.600000	0	4543134	0	2874287
258.750000	0	4543274	0	2874131
258.900000	0	4543337	0	2874058
259.050000	0	4543231	0	2874124
259.200000	0	4543215	0	2874505
259.350000	0	4543223	0	2874401
259.500000	0	4543109	0	2874125
259.650000	0	4543148	0	2874400
259.800000	0	4543293	0	2874286
259.950000	0	4543351	0	2874337
260.100000	0	4543304	0	2874042
260.250000	0	4543198	0	2874135
260.400000	0	4543175	0	2874318
260.550000	0	4543384	0	2874177
260.700000	0	4543328	0	2874660
260.850000	0	4543308	0	2874170
261.000000	0	4543169	0	2874172
261.150000	0	4543337	0	2874326
261.300000	0	4543272	0	2874140
261.450000	0	4543338	0	2874622
261.600000	0	4543130	0	2874173
261.750000	0	4543229	0	2873992
261.900000	0	4543209	0	2874074
262.050000	0	4543140	0	2874404
262.200000	0	4543128	0	2874156
262.350000	0	4543382	0	2874231
262.500000	0	4543395	0	2874053
262.650000	0	4543211	0	2874203
262.800000	0	4543374	0	2874185
262.950000	0	4543210	0	2874118
263.100000	0	4543318	0	2874137
263.250000	0	4543357	0	2874356
263.400000	0	4543364	0	2874620
263.550000	0	4543328	0	2874455
263.700000	0	4543088	0	2874112
263.850000	0	4543309	0	2874297
264.000000	0	4543176	0	2874210
264.150000	0	4543398	0	2874243
264.300000	0	4543293	0	2874201
264.450000	0	4543152	0	2874080
264.600000	0	4543260	0	2874237
264.750000	0	4543263	0	2874296
264.900000	0	4543336	0	2874278
265.050000	0	4543362	0	2874119
265.200000	0	4543262	0	2874291
265.350000	0	4543141	0	2874271
265.500000	0	4543250	0	2874133
265.650000	0	4543117	0	2874277
265.800000	0	4543255	0	2874339
265.950000	0	4543304	0	2874017
266.100000	0	4543411	0	2874351
266.250000	0	4543271	0	2874425
266.400000	0	4543144	0	2874528
266.550000	0	4543252	0	2874379
266.700000	0	4543256	0	2874076
266.850000	0	4543374	0	2874228
267.000000	0	4543290	0	2874172
267.150000	0	4543277	0	2874392
267.300000	0	4543221	0	2874424
267.450000	0	4543488	0	2874142
267.600000	0	4543293	0	2874153
267.750000	0	4543147	0	2874486
267.900000	0	4543430	0	2874266
268.050000	0	4543168	0	2874575
268.200000	0	4543368	0	2874260
268.350000	0	4543248	0	2874236
268.500000	0	4543350	0	2874342
268.650000	0	4543294	0	2874176
268.800000	0	4543394	0	2874451
268.950000	0	4543384	0	2874138
269.100000	0	4543277	0	2874145
269.250000	0	4543348	0	2874115
269.400000	0	4543172	0	2874168
269.550000	0	4543330	0	2874085
269.700000	0	4543308	0	2874193
269.850000	0	4543186	0	2874063
270.000000	0	4543161	0	2874179
270.150000	0	4543248	0	2874295
